0.04311761984620618	0.06980042003752004	0.8870819601162738	3
0.3635760366100273	0.48305557591296	0.15336838747701265	2
0.08028541396329983	0.06830161438203879	0.8514129716546618	3
0.04748984525466937	0.6677793248472806	0.28473082989805026	2
0.03918829170295168	0.10725851901010094	0.853553189286947	3
0.06797116994919364	0.10681562983677798	0.8252132002140287	3
0.0620709217281758	0.08269956336320528	0.8552295149086193	3
0.07330717029458624	0.04261673220704169	0.884076097498372	3
0.03754382663869943	0.079995879833833	0.8824602935274678	3
0.06678765545342427	0.12379004458340519	0.8094222999631708	3
0.055965058847274485	0.1362690492406346	0.8077658919120909	3
0.04075973868448664	0.218959320263624	0.7402809410518892	3
0.0407374892007347	0.07856805628775962	0.8806944545115057	3
0.038332814181501675	0.09557444295626104	0.8660927428622373	3
0.06993286035253563	0.8725494634553635	0.05751767619210127	2
0.05339756116366795	0.13703621699965945	0.809566221836673	3
0.11011981433383249	0.1839670863412116	0.7059130993249557	3
0.11839902834900391	0.09855330527029446	0.7830476663807018	3
0.04909942910873239	0.05312761935102212	0.8977729515402453	3
0.054421825334279174	0.1719120755292431	0.7736660991364781	3
0.08620509296532591	0.7289936789335609	0.18480122810111335	2
0.12689904212938424	0.15437335967463064	0.7187275981959854	3
0.05330826762253991	0.06870301777861146	0.8779887145988489	3
0.09253989188518788	0.10409171813673204	0.8033683899780801	3
0.04012985791454426	0.07559381745953866	0.8842763246259168	3
0.04219217941489111	0.11131673700461761	0.8464910835804913	3
0.06916340806414684	0.17912801470044462	0.7517085772354087	3
0.08237962674100505	0.509114421662828	0.40850595159616676	2
0.05629269172229167	0.16263624289557824	0.78107106538213	3
0.06525248450581654	0.2285479123016036	0.7061996031925802	3
0.06629520070435746	0.5803165647710158	0.3533882345246269	2
0.06810485323968965	0.16425247858733907	0.767642668172971	3
0.07730021010432742	0.26405486187437044	0.658644928021302	3
0.04292265425700687	0.7521918026727004	0.20488554307029241	2
0.07663806560589134	0.4674979573560901	0.45586397703801834	2
0.05638153196343463	0.19868902082801054	0.7449294472085553	3
0.03982732480680798	0.35009145936153246	0.6100812158316591	3
0.07028922318328867	0.10159712066769941	0.8281136561490118	3
0.09365039068748553	0.3561986341954153	0.5501509751170992	3
0.07068800475054887	0.06268623250688822	0.8666257627425632	3
0.05266118163205311	0.06729273584053014	0.8800460825274166	3
0.04095465844186026	0.18300002256166362	0.7760453189964766	3
0.055716401042923754	0.08137473575504645	0.8629088632020295	3
0.05868746200807193	0.07248799222394953	0.8688245457679787	3
0.09484985802413581	0.3477275036690399	0.5574226383068239	3
0.07975481494141831	0.5053919414424494	0.41485324361613213	2
0.06137661657369042	0.10202657963980803	0.8365968037865016	3
0.05463974541051008	0.04308773330822515	0.902272521281265	3
0.06803243943624293	0.36116297355224597	0.5708045870115109	3
0.0395611479439403	0.07565721793450614	0.8847816341215532	3
0.03990177024272112	0.7236745923251356	0.2364236374321432	2
0.04019703538121046	0.06432581026740192	0.8954771543513876	3
0.0682183239631445	0.12601705843313663	0.8057646176037186	3
0.05341854440595281	0.08985754465780216	0.8567239109362449	3
0.10666035589930226	0.40333209364683226	0.4900075504538655	3
0.0834087660753999	0.5403883395955413	0.37620289432905885	2
0.11137519867241343	0.7220835792700953	0.16654122205749128	2
0.04421622467525571	0.12249698321928204	0.8332867921054625	3
0.45273710217153434	0.16283458047141597	0.38442831735704946	1
0.06266920421179469	0.13451886920737427	0.8028119265808312	3
0.0770242648291053	0.25888148070330236	0.6640942544675923	3
0.05178054921725099	0.06473177612944364	0.883487674653305	3
0.12632353302958366	0.407282501271095	0.4663939656993214	3
0.056057211933506074	0.4793598113269478	0.4645829767395462	2
0.07276309176089824	0.4611776333783351	0.4660592748607664	3
0.06487219419051422	0.4176726985192968	0.5174551072901892	3
0.05584152603759135	0.2805072818222595	0.6636511921401491	3
0.054664564395756655	0.07294253468051988	0.8723929009237231	3
0.05192886479419436	0.377480175270329	0.5705909599354767	3
0.09237869896463033	0.19931238290499967	0.7083089181303697	3
0.5092030709701415	0.3193960798255716	0.1714008492042866	1
0.10540811057517341	0.06622362773126209	0.8283682616935644	3
0.14295070539847565	0.42625330163626945	0.4307959929652551	3
0.049672535443716734	0.07477540668267404	0.8755520578736093	3
0.04143311705783512	0.05760204502840907	0.9009648379137556	3
0.10268634026343304	0.1204220065743874	0.7768916531621797	3
0.03985994881795061	0.26315802459770804	0.6969820265843414	3
0.07216080699023905	0.14404907510728132	0.7837901179024797	3
0.0784765839055416	0.10149347908329731	0.8200299370111609	3
0.1331015865299659	0.25987728995354015	0.6070211235164936	3
0.2396986259388496	0.4082733713362611	0.35202800272488954	2
0.042706618621495204	0.1696793004016843	0.7876140809768204	3
0.04992914105097357	0.40319660887696684	0.5468742500720593	3
0.06609009447526142	0.0912018639771491	0.8427080415475898	3
0.0599213326293255	0.09136284162259051	0.8487158257480838	3
0.25709215056592105	0.22816712324894395	0.5147407261851353	3
0.03996771483077358	0.16461720193731197	0.795415083231914	3
0.052296886405254546	0.4050976897751291	0.5426054238196161	3
0.052300919786148474	0.08258267073150172	0.8651164094823494	3
0.09412744938524298	0.1463068215503474	0.7595657290644094	3
0.10362885389140977	0.2315184766065871	0.6648526695020034	3
0.07666081478523151	0.6680321727684607	0.2553070124463075	2
0.09325801480808542	0.1701817022976792	0.736560282894235	3
0.06391150095981883	0.17564019404025272	0.7604483049999281	3
0.13990260547014263	0.5957776309352082	0.26431976359464876	2
0.05323978867054066	0.31422717658126315	0.6325330347481958	3
0.05170284871179406	0.13695927396798124	0.8113378773202249	3
0.043646470029664666	0.10998182659475625	0.8463717033755788	3
0.10922218792195187	0.5776671421854986	0.3131106698925492	2
0.039488467347848576	0.342594222857857	0.6179173097942942	3
0.20606372541716297	0.6676453959077466	0.1262908786750902	2
0.0753784950323327	0.3217960400250289	0.6028254649426383	3
0.08001245746662587	0.17832919907542047	0.7416583434579535	3
0.04434227388779971	0.07799621848678537	0.8776615076254152	3
0.05445369546494383	0.15923563281948655	0.7863106717155693	3
0.04370393249370709	0.18827572906399453	0.7680203384422981	3
0.0649258454478412	0.0763112253854828	0.858762929166676	3
0.03985028767980962	0.06711703478184036	0.8930326775383497	3
0.3256008736367296	0.3015531497496721	0.3728459766135978	3
0.053263025379880466	0.09657441756634325	0.8501625570537761	3
0.06371195512841693	0.17878923089834306	0.7574988139732398	3
0.1959431378825905	0.7398881567709967	0.06416870534641272	2
0.2644109056213572	0.4317838803495243	0.3038052140291183	2
0.113191688757594	0.12318246480977414	0.7636258464326315	3
0.05165963572867502	0.11526812695884832	0.833072237312477	3
0.06649114933605392	0.280203699392547	0.6533051512713994	3
0.07535056118130758	0.49814264031948474	0.4265067984992073	2
0.14144052678062652	0.6250682042261432	0.23349126899323025	2
0.04327405345393925	0.05569570226031215	0.9010302442857483	3
0.06705854560075977	0.14729469055327776	0.7856467638459627	3
0.08366235899308244	0.10830768422812556	0.8080299567787916	3
0.0652227841072241	0.05374537917333458	0.8810318367194413	3
0.06084138383739283	0.18835326123665258	0.7508053549259543	3
0.04231085857809534	0.12943697087857853	0.8282521705433263	3
0.17805856689518906	0.19093822923834639	0.631003203866465	3
0.053654694069989316	0.08818487144415783	0.8581604344858529	3
0.04274359132741246	0.08975805641406404	0.8674983522585231	3
0.08046687302146627	0.05709929923695643	0.8624338277415773	3
0.043473638547318665	0.042010722309862726	0.9145156391428186	3
0.3665972400263406	0.38430806539702583	0.24909469457663355	2
0.04199935880138801	0.5708650632551525	0.3871355779434594	2
0.06264085591579197	0.15173080182782828	0.7856283422563801	3
0.07864634789742829	0.11882702848415294	0.8025266236184188	3
0.0393306274938881	0.08977834479703639	0.8708910277090757	3
0.06849888607855864	0.12889999900900959	0.8026011149124316	3
0.04116883611890064	0.13418890486495166	0.8246422590161472	3
0.04211228839098422	0.7504185356583815	0.20746917595063388	2
0.039495940593104364	0.06886845192672024	0.8916356074801752	3
0.09146481399206162	0.06336443353703829	0.8451707524708997	3
0.03741339407005431	0.14401802360854377	0.8185685823214018	3
0.051352347910772415	0.20617526924990498	0.7424723828393227	3
0.052296737892481675	0.06039061894063251	0.8873126431668861	3
0.10658714190671206	0.059169686894626275	0.8342431711986615	3
0.05326059036695712	0.06944636178543404	0.8772930478476084	3
0.11004347291316638	0.07179682725985226	0.8181596998269817	3
0.03993559529792807	0.20388493069304003	0.7561794740090321	3
0.05887059247324154	0.15487316419777605	0.7862562433289828	3
0.061813496402620405	0.0708125336393298	0.8673739699580495	3
0.05529490061305366	0.07895747308936708	0.8657476262975793	3
0.04266638949004096	0.12143325883578643	0.8359003516741728	3
0.041151887497640795	0.04321459567218925	0.9156335168301697	3
0.05132746481992071	0.42138962477326486	0.5272829104068141	3
0.15666502018918557	0.46013301875972495	0.38320196105108945	2
0.08323991345881113	0.15886117739532393	0.7578989091458649	3
0.0623091541503005	0.5423231156057506	0.39536773024394883	2
0.04205936049194438	0.04430205927519953	0.9136385802328565	3
0.08975771514015107	0.2094925355657988	0.7007497492940502	3
0.054420716278836434	0.062197896954580514	0.8833813867665831	3
0.12406859508380502	0.08518136929695712	0.7907500356192381	3
0.042207015874584045	0.04827387585618362	0.9095191082692328	3
0.13275098935083918	0.3592548414321347	0.5079941692170262	3
0.04008026962392239	0.052680301277384566	0.9072394290986927	3
0.04193477919271614	0.0606155570936112	0.8974496637136724	3
0.06693313529611716	0.1651838489459284	0.7678830157579544	3
0.039263504618352214	0.11098613067769446	0.8497503647039529	3
0.11411680025045552	0.24172670686257103	0.6441564928869736	3
0.07275968483232306	0.2562535259708335	0.6709867891968437	3
0.07909748211607726	0.11097685931919907	0.8099256585647236	3
0.04207931876126109	0.11124897916894524	0.8466717020697934	3
0.08052236069194119	0.21263685120448755	0.7068407881035716	3
0.05752715964359168	0.10081585868108003	0.8416569816753289	3
0.03782734952226633	0.13077277481917748	0.8313998756585561	3
0.06846156919877044	0.06519295948159763	0.8663454713196317	3
0.23966344808954626	0.5755597514077808	0.18477680050267278	2
0.03947829330210686	0.07839120571225891	0.882130500985634	3
0.03926184567055219	0.06308697318042843	0.8976511811490198	3
0.09212255552637559	0.0453969790202708	0.8624804654533532	3
0.08370230965539904	0.10595661020816435	0.8103410801364362	3
0.039370993190403096	0.25479600647467665	0.7058330003349205	3
0.06835523305420947	0.06825024355621276	0.8633945233895779	3
0.07852894635564729	0.2981909461136197	0.6232801075307333	3
0.06774450202990832	0.08961694819326907	0.8426385497768226	3
0.07469847586430775	0.3547003156655246	0.5706012084701673	3
0.04176503207889939	0.13611883506019168	0.8221161328609089	3
0.13928424336351175	0.7547618794449366	0.10595387719155139	2
0.07286122119553108	0.048572827512343465	0.8785659512921254	3
0.043819082632551125	0.6917629284707478	0.2644179888967012	2
0.053417284203365334	0.05634563199200335	0.8902370838046312	3
0.08081012823987643	0.1945157567752631	0.7246741149848601	3
0.05284793189234331	0.1784242072795046	0.7687278608281521	3
0.06992008338996236	0.055476188300745806	0.8746037283092916	3
0.07269140810334879	0.2502254364576451	0.6770831554390065	3
0.044264862277365896	0.3055149038398264	0.6502202338828078	3
0.05121796596061239	0.3221393892248321	0.6266426448145553	3
0.31120795059535056	0.14625966166767587	0.5425323877369734	3
0.03968673939758478	0.2036459658089342	0.7566672947934807	3
0.058709427228024726	0.09487970799085388	0.8464108647811218	3
0.05328267482223863	0.06446575304171258	0.8822515721360489	3
0.040796881598643725	0.09792294193558436	0.8612801764657716	3
0.042626965368490144	0.04900130191241164	0.9083717327190982	3
0.04378199917668229	0.05607008634492899	0.9001479144783888	3
0.17761778721811744	0.15720184780941282	0.6651803649724699	3
0.039060811056768396	0.08729764564416137	0.8736415432990706	3
0.11383854480086626	0.38985126637529915	0.4963101888238343	3
0.11141564037096623	0.2229562944605729	0.6656280651684612	3
0.05518641115754026	0.08119097606565895	0.8636226127768013	3
0.038839681556068824	0.10244826124270809	0.8587120572012233	3
0.05538060906306068	0.4124717057932494	0.53214768514369	3
0.07083826635716209	0.12927640271926677	0.7998853309235714	3
0.05222166510268576	0.18950501986593496	0.758273315031379	3
0.04006352472502174	0.046310429849767826	0.9136260454252105	3
0.06647316785730512	0.3867277794936651	0.5467990526490303	3
0.039873569112228245	0.07677199514430441	0.8833544357434672	3
0.038871414150344584	0.10181113000388656	0.8593174558457686	3
0.06371036156533191	0.7483839998117813	0.1879056386228869	2
0.19119391077868608	0.3685649328880338	0.4402411563332802	3
0.05291925682056985	0.07643779758960063	0.8706429455898297	3
0.09438735994195814	0.30878667486176103	0.5968259651962808	3
0.052507914118191584	0.0847508202323089	0.8627412656494993	3
0.03958176679738805	0.16013184811891376	0.8002863850836985	3
0.046927076535748555	0.8793957071919898	0.07367721627226168	2
0.03944769680375693	0.3379299824765993	0.6226223207196434	3
0.08354516466806675	0.09849038590336777	0.8179644494285653	3
0.06068814082426635	0.04195491229152025	0.8973569468842136	3
0.06668938324631149	0.06830211487159879	0.8650085018820898	3
0.06640526155837127	0.34270066074190786	0.5908940776997214	3
0.12156931673026247	0.07879422514824411	0.7996364581214934	3
0.20246637570143727	0.12439653460220211	0.6731370896963604	3
0.11587038284342949	0.35192047764019846	0.5322091395163723	3
0.11564936173487468	0.13339502747951737	0.7509556107856084	3
0.04130533188639781	0.08380705919841624	0.8748876089151862	3
0.11462079707523767	0.22205635431638293	0.6633228486083793	3
0.06469036318492577	0.05945456141078953	0.8758550754042843	3
0.058619986916024186	0.1615558171537869	0.7798241959301894	3
0.05249993743752932	0.10992340213440317	0.837576660428068	3
0.06150374299231259	0.06639309240333392	0.8721031646043537	3
0.07628396242773083	0.059744347835505564	0.8639716897367633	3
0.05970387230328102	0.4078781952402605	0.5324179324564584	3
0.05382423590562268	0.7170772601340418	0.2290985039603356	2
0.05620560070177614	0.08194228201809688	0.861852117280127	3
0.053665654546717526	0.23582007126155186	0.7105142741917306	3
0.06370881927196596	0.07628571517850528	0.8600054655495286	3
0.04249916026076568	0.08709051833010195	0.8704103214091319	3
0.04137318343004423	0.0517798482907588	0.9068469682791974	3
0.09857351507562871	0.08796490019498497	0.8134615847293862	3
0.04177931600260596	0.07853974549274166	0.8796809385046528	3
0.04302251183517246	0.183474886530491	0.7735026016343365	3
0.05489953858731537	0.08949903094875376	0.855601430463931	3
0.10143214841914183	0.10898441149144183	0.7895834400894167	3
0.06589132920795274	0.2637820578565583	0.6703266129354895	3
0.06701799793398178	0.10262727767358011	0.8303547243924378	3
0.10551262908240965	0.2812887984770829	0.6131985724405071	3
0.09477111899568459	0.18582530715461448	0.7194035738497006	3
0.06879910527988178	0.4747509236139136	0.45644997110620494	2
0.07178262964759341	0.5858722300123692	0.34234514034003694	2
0.06990898464559532	0.2356884162351423	0.6944025991192626	3
0.07777475690172073	0.12064490700227362	0.8015803360960053	3
0.0962995339077928	0.06645348767714362	0.8372469784150636	3
0.041413326899613176	0.12901080339477405	0.8295758697056129	3
0.0404763691987808	0.07189392282081442	0.8876297079804051	3
0.17678442951736748	0.14117289206760436	0.682042678415028	3
0.03982302417623816	0.16838748664253175	0.7917894891812305	3
0.20468144988246753	0.20516934250993046	0.5901492076076017	3
0.10192957002518689	0.12199936449163626	0.7760710654831768	3
0.06706283115198321	0.10892460845401425	0.8240125603940027	3
0.07870998423523466	0.7014982106565287	0.21979180510823682	2
0.15406038283603812	0.43850818098906286	0.40743143617489896	2
0.05032109245774283	0.12114315605840786	0.8285357514838497	3
0.05298347949951341	0.2883905534492501	0.6586259670512364	3
0.20615204301190712	0.5150710000654034	0.2787769569226891	2
0.0964647592569331	0.04193739239729181	0.8615978483457755	3
0.04683474231161086	0.6636040664173221	0.28956119127106666	2
0.12777428695686474	0.2669885473612979	0.6052371656818377	3
0.03905973033904338	0.24198331272984816	0.7189569569311082	3
0.12293846885660514	0.6911127628113978	0.18594876833199755	2
0.06492935973158516	0.07516965009868562	0.8599009901697289	3
0.04017352621479145	0.06898538927642388	0.8908410845087843	3
0.06049920864088938	0.07121287243321045	0.8682879189259001	3
0.0794674706348602	0.13167443394394285	0.7888580954211966	3
0.06615423825652815	0.2629143218171826	0.6709314399262893	3
0.0708436132500996	0.1255515910915035	0.8036047956583972	3
0.04667435092444937	0.15298247616553384	0.8003431729100172	3
0.04006574673175546	0.1983127152534377	0.7616215380148069	3
0.16793393537077095	0.3052409845684785	0.5268250800607504	3
0.04207759298516056	0.06127769833387486	0.8966447086809645	3
0.04183404757353045	0.5334717589804344	0.4246941934460356	2
0.07309461650354998	0.13279505955115103	0.7941103239452993	3
0.056898242252241736	0.10899048428654405	0.8341112734612139	3
0.17187133163245966	0.16957985909508805	0.6585488092724522	3
0.05122462165093011	0.09620018834720888	0.8525751900018611	3
0.07572539282453158	0.19660286870750715	0.7276717384679618	3
0.047736692287391996	0.721282798139558	0.23098050957305022	2
0.08946415810003072	0.14934622215718812	0.7611896197427814	3
0.23604565289759308	0.2023302821285014	0.5616240649739053	3
0.07855507843560056	0.2026031602896377	0.7188417612747617	3
0.0655235573697173	0.19961310325015913	0.7348633393801239	3
0.12297398868889774	0.06951952402956439	0.8075064872815381	3
0.05748479596933838	0.1523734622426031	0.7901417417880583	3
0.1177234046264828	0.6358857710275829	0.24639082434593465	2
0.12056607290100255	0.06710576398402979	0.812328163114968	3
0.06747519521175217	0.04101463173690299	0.8915101730513453	3
0.054333066393533885	0.31044172244823887	0.6352252111582276	3
0.039600600267487934	0.133101641006547	0.8272977587259649	3
0.046573684131991366	0.1637399719658849	0.7896863439021239	3
0.057342353388594974	0.23030541355330994	0.7123522330580954	3
0.2017963371540063	0.6818458071913531	0.11635785565464091	2
0.03846339990046183	0.24549011439090496	0.7160464857086329	3
0.061642178816524035	0.06882087777593844	0.8695369434075375	3
0.04091994974362933	0.07130273657093639	0.8877773136854346	3
0.040553741489665306	0.10947780398720228	0.8499684545231321	3
0.061729847765395	0.05827512799364884	0.8799950242409565	3
0.07180060966063512	0.8412299624532662	0.08696942788609907	2
0.07011493906846292	0.10405169169055026	0.8258333692409868	3
0.039585996913209895	0.12491184046368883	0.8355021626231014	3
0.04375494919616185	0.1653295629599551	0.7909154878438834	3
0.041726167815192165	0.047791476819526474	0.9104823553652812	3
0.04102198948901215	0.049486473818400364	0.9094915366925872	3
0.03952278804728337	0.052184027111861216	0.9082931848408552	3
0.08378295200908893	0.05759751717539185	0.8586195308155192	3
0.04180796474762933	0.07579892238591249	0.8823931128664578	3
0.04119176481235664	0.09342613688111431	0.8653820983065292	3
0.040030325874390316	0.11302025353070935	0.8469494205949006	3
0.22542597973891587	0.3807209798748484	0.3938530403862359	3
0.038988670010468233	0.05489042855809691	0.9061209014314346	3
0.15175711899493094	0.11363178977884497	0.7346110912262239	3
0.08418629042118464	0.08610853490551368	0.829705174673302	3
0.055115227882726145	0.04222995192980213	0.9026548201874713	3
0.05242617613896148	0.1948747030006173	0.7526991208604213	3
0.11174173818309871	0.07742057932383853	0.8108376824930623	3
0.07891741664065119	0.36540054465340893	0.5556820387059401	3
0.05633973003866436	0.04886668622484065	0.8947935837364953	3
0.16211658312476046	0.43528164296506205	0.4026017739101776	2
0.05670830339578472	0.13181786858078287	0.8114738280234323	3
0.07952072175954376	0.1765642205357893	0.7439150577046667	3
0.03823470388136132	0.22371550835820694	0.7380497877604315	3
0.07351537483734238	0.09739592532300173	0.8290886998396562	3
0.03963260574163233	0.07333794524465634	0.8870294490137111	3
0.48425662412843906	0.2496083155820526	0.2661350602895082	1
0.05582399119830964	0.6297160949723579	0.3144599138293326	2
0.064745426851826	0.1660272387272485	0.7692273344209254	3
0.06578606057863542	0.09254877521311067	0.8416651642082537	3
0.07411984001663666	0.1171427400616907	0.8087374199216724	3
0.11189458902108407	0.05751543808115113	0.8305899728977648	3
0.09021084845824423	0.08000473199286515	0.8297844195488909	3
0.03988412025317899	0.3534363273829657	0.6066795523638553	3
0.059928190731399794	0.0735295893960608	0.8665422198725399	3
0.07215385048536907	0.17636204614635684	0.7514841033682744	3
0.07188990123544084	0.15366782521554204	0.7744422735490173	3
0.23470745328107057	0.40551067065172425	0.35978187606720524	2
0.0827020246813169	0.23320176333788784	0.6840962119807952	3
0.04814118501835545	0.188611320578834	0.7632474944028109	3
0.11068970734588629	0.4423138977743195	0.4469963948797939	3
0.2468950796501269	0.10652587318561271	0.6465790471642605	3
0.05356098929075313	0.09701861022886574	0.8494204004803808	3
0.06606893986880111	0.11384353536185171	0.8200875247693471	3
0.05391593858038881	0.0831232509528252	0.8629608104667861	3
0.054522577408292264	0.19431908028625344	0.7511583423054542	3
0.038307588921606246	0.06437186462307443	0.8973205464553191	3
0.18574119706599862	0.2371007845958028	0.5771580183381986	3
0.05527918384840873	0.5304334611624901	0.41428735498910113	2
0.10115534727491213	0.18438052694261056	0.7144641257824769	3
0.04458347978358469	0.04292319659806714	0.9124933236183481	3
0.043892679110083724	0.07401684654959372	0.8820904743403231	3
0.07533892157712113	0.16801941000727166	0.7566416684156069	3
0.06986359121273487	0.1281730487244745	0.801963360062791	3
0.03916067130455465	0.09310270554926359	0.8677366231461822	3
0.05688869785603798	0.40723259306549403	0.5358787090784679	3
0.06572422743494821	0.11205982667495776	0.8222159458900937	3
0.33355389276491715	0.34234733093194225	0.3240987763031408	2
0.147388077484983	0.07063945030450608	0.7819724722105106	3
0.054327007583653456	0.10640359179646061	0.8392694006198858	3
0.07500049998411923	0.09853902898817624	0.8264604710277041	3
0.052943314122883375	0.11779734804655018	0.8292593378305662	3
0.1118194832468544	0.04129340217808905	0.8468871145750564	3
0.09661410803338552	0.522664155661286	0.38072173630532846	2
0.05673830848086162	0.09989259715454868	0.8433690943645897	3
0.07744021415657898	0.1960293747992502	0.7265304110441705	3
0.15206065389190526	0.3686563673163305	0.47928297879176457	3
0.05379414327779709	0.087223701507118	0.8589821552150849	3
0.03904524305326433	0.1085122546571414	0.8524425022895938	3
0.05735290245159823	0.0825323304040949	0.8601147671443067	3
0.07827760279129536	0.09574581438585085	0.8259765828228536	3
0.062036958983029786	0.2029493470584863	0.7350136939584841	3
0.038753049095138284	0.12939551938150742	0.8318514315233543	3
0.0649160605911092	0.11167284576115905	0.8234110936477317	3
0.05573719969825592	0.05650812151652369	0.8877546787852206	3
0.05330389502904658	0.15039087945578652	0.796305225515167	3
0.05261988732841255	0.11177653322470252	0.8356035794468847	3
0.053615949115192435	0.060932237303986114	0.8854518135808218	3
0.06493727485778956	0.11341297845469206	0.8216497466875183	3
0.05173800890434936	0.08330562232829053	0.8649563687673598	3
0.07534778476405554	0.12451450528116889	0.8001377099547753	3
0.06920063406864385	0.11210271868410937	0.8186966472472467	3
0.06948728412289473	0.10370174381816556	0.82681097205894	3
0.05319315571383178	0.161130009646496	0.7856768346396727	3
0.05224023423935783	0.07848374854212434	0.869276017218518	3
0.058352799138931224	0.07226399005180996	0.8693832108092588	3
0.07854672392689503	0.09657878186296304	0.8248744942101423	3
0.05261894107080718	0.0667583797562149	0.8806226791729781	3
0.04894597104769735	0.06689752944877697	0.8841564995035255	3
0.053925484410855415	0.11978722525001195	0.826287290339133	3
0.09367192492673115	0.10432212502303037	0.8020059500502386	3
0.05161953533597777	0.3101212122154457	0.6382592524485762	3
0.06981727631074099	0.1907445625765592	0.7394381611127001	3
0.040888472456757426	0.10953509194735225	0.8495764355958906	3
0.07916780103032983	0.1518355402302652	0.7689966587394051	3
0.06874214764866009	0.10945524997039603	0.8218026023809435	3
0.045950894172682576	0.07492805467241995	0.8791210511548972	3
0.038175783962973414	0.10102696631825514	0.8607972497187711	3
0.07709616062540188	0.19720413842158516	0.7256997009530126	3
0.07553730647195622	0.09860432690786168	0.8258583666201823	3
0.059213395870543195	0.13235033207345323	0.8084362720560041	3
0.08252964455678827	0.07456197424567423	0.842908381197537	3
0.09046884891873302	0.38264679221323994	0.5268843588680273	3
0.06652273387823629	0.07142834231208148	0.8620489238096826	3
0.05340806395768346	0.29402048647190343	0.6525714495704127	3
0.06398532997297163	0.18227738842177543	0.7537372816052528	3
0.12613136657164079	0.22496650191441375	0.6489021315139453	3
0.051312805356048916	0.05353184525684194	0.8951553493871088	3
0.11089874537396102	0.08360709747196403	0.8054941571540746	3
0.0720050763193174	0.10008076879936463	0.8279141548813181	3
0.08637309667619536	0.5997885878501582	0.3138383154736466	2
0.06132451399234487	0.09336015589953675	0.8453153301081182	3
0.06476004699850944	0.13597148645639742	0.7992684665450934	3
0.047465029034967667	0.11440323322911775	0.8381317377359141	3
0.10098744308701324	0.13060457214200025	0.7684079847709865	3
0.21964124768218884	0.09885936820197327	0.6814993841158378	3
0.057833453960188706	0.5885826660678267	0.35358387997198454	2
0.06867926993698144	0.05989122461133683	0.8714295054516816	3
0.05341704356928048	0.05987036678517191	0.8867125896455471	3
0.1204906958625913	0.06974859441433494	0.8097607097230741	3
0.040852195661213245	0.15596811190016582	0.803179692438621	3
0.0701840808238407	0.15175207507141708	0.7780638441047419	3
0.1413010501245191	0.18650915797723971	0.6721897918982411	3
0.06600763676817757	0.09431944804126151	0.8396729151905611	3
0.08027466681827611	0.3655131528372177	0.5542121803445059	3
0.0810658430528845	0.11759414721337257	0.8013400097337431	3
0.040163905299333065	0.07535924178358994	0.884476852917077	3
0.03945827741636823	0.10188060193558829	0.8586611206480437	3
0.04299948925659867	0.11067488203280121	0.8463256287105997	3
0.04111844951620423	0.08639741921426945	0.8724841312695262	3
0.16523141473332173	0.4338174600361797	0.40095112523049814	2
0.039872588049301695	0.14102066516921768	0.8191067467814809	3
0.03808560173745548	0.10808558677389798	0.8538288114886469	3
0.053616950906198925	0.661708389545206	0.28467465954859555	2
0.09210403242969398	0.15455887961602002	0.7533370879542863	3
0.08286205916613812	0.3792594421596793	0.5378784986741829	3
0.03801687103282947	0.054168056006464065	0.9078150729607066	3
0.1474897074281568	0.4349740785850827	0.4175362139867605	2
0.1165266379531821	0.07999384063089318	0.8034795214159244	3
0.052888477696229196	0.1093060080922395	0.8378055142115316	3
0.04586167461358043	0.6455961282291611	0.3085421971572582	2
0.3067838655948593	0.2758101203399238	0.4174060140652166	3
0.11490671870606763	0.06562376278520447	0.8194695185087277	3
0.059108378334180804	0.5582680649394788	0.38262355672634063	2
0.0700690496443033	0.408525064339399	0.5214058860162973	3
0.04014868325996443	0.0576258595421303	0.9022254571979049	3
0.09300773075627955	0.7973056755015097	0.10968659374221093	2
0.05441162960693054	0.08448268032363698	0.8611056900694328	3
0.11178126695861634	0.1463182134509694	0.7419005195904139	3
0.04163420911000527	0.09752756834853243	0.8608382225414625	3
0.49842950956967386	0.13650794157876728	0.3650625488515591	1
0.054466808091763914	0.059990770101945985	0.8855424218062905	3
0.1610720065559445	0.5661576658748788	0.2727703275691765	2
0.05733191494193944	0.11253984245961196	0.8301282425984485	3
0.06521218491154887	0.23230077757084497	0.7024870375176065	3
0.09017218359564377	0.10831995107598813	0.8015078653283678	3
0.0399587107611999	0.1529697107573978	0.8070715784814022	3
0.0638474155677154	0.5251807486290835	0.41097183580320096	2
0.0778563076189296	0.2917337511840766	0.6304099411969936	3
0.04698231535843237	0.12195742770959314	0.8310602569319743	3
0.06244417957144595	0.041517677203883864	0.8960381432246698	3
0.07831326218423351	0.07079058265579863	0.8508961551599683	3
0.053763920813087465	0.08821597086131697	0.8580201083255955	3
0.05302753030098355	0.2472163866613598	0.6997560830376564	3
0.06501099362543375	0.15018570065460402	0.784803305719962	3
0.10821955695126179	0.2567292967035219	0.6350511463452166	3
0.050307805748286694	0.04533007911816247	0.9043621151335508	3
0.04884350339435933	0.3235049131725236	0.6276515834331166	3
0.05287183898455005	0.14027313430178154	0.8068550267136687	3
0.06260834210946936	0.04055096211204968	0.8968406957784814	3
0.0401355380218977	0.13670734277594665	0.8231571192021558	3
0.039178781065962606	0.06575205623909655	0.895069162694941	3
0.06765549494678276	0.15252625861294367	0.7798182464402734	3
0.10594644588525773	0.4000591250551002	0.493994429059642	3
0.07259378013447973	0.08369515496409796	0.843711064901422	3
0.04214047932851952	0.09648705828529414	0.8613724623861861	3
0.10071319019209816	0.09361707138955892	0.8056697384183429	3
0.04717834886471455	0.6884234162804983	0.2643982348547875	2
0.1514464836147138	0.12619514856220299	0.7223583678230833	3
0.0812060195945058	0.1350414849358335	0.783752495469661	3
0.03949086977049798	0.1611622092194981	0.7993469210100037	3
0.06594043559875959	0.0602731815714098	0.8737863828298309	3
0.09113442905191987	0.11969454594645326	0.7891710250016271	3
0.06313255397340978	0.11527172362264229	0.8215957224039481	3
0.14765333809338133	0.14656717869114297	0.705779483215476	3
0.08554535262186702	0.056857428415803865	0.8575972189623287	3
0.04527321013815882	0.11396361584961545	0.8407631740122261	3
0.10309201289638363	0.2847762831763843	0.6121317039272324	3
0.04824204741167059	0.05289638873716582	0.8988615638511634	3
0.07247595190348745	0.4542969163573492	0.4732271317391634	3
0.06707832806914564	0.2338398707725366	0.6990818011583182	3
0.06256388676602054	0.09491301234687144	0.8425231008871079	3
0.09601336389211378	0.07950848543522095	0.824478150672665	3
0.04337460455471407	0.1146038155338165	0.8420215799114695	3
0.04127843034087581	0.1268247932462029	0.8318967764129211	3
0.07804229415805711	0.06956723570007961	0.8523904701418633	3
0.05515743713021671	0.6537075203111139	0.2911350425586696	2
0.038686413316391104	0.16865878930690278	0.7926547973767065	3
0.06672369165552927	0.09776856697020865	0.8355077413742624	3
0.1905591999510462	0.5539084353013397	0.2555323647476139	2
0.08222750264360842	0.25344034791376535	0.6643321494426259	3
0.05229641275500559	0.11708960251881104	0.8306139847261836	3
0.04529653142389049	0.0829104276602973	0.8717930409158122	3
0.07896723693113597	0.05304382266903712	0.8679889403998265	3
0.28046235592764535	0.4819010859897715	0.2376365580825834	2
0.04203002669861199	0.0783205579011313	0.8796494154002568	3
0.09495789526205825	0.0611143710631831	0.8439277336747587	3
0.17525106012138	0.19049471763712064	0.6342542222414991	3
0.09991108015959022	0.10017999313040446	0.7999089267100049	3
0.051429864045808994	0.21286858438723566	0.7357015515669554	3
0.06330988432738938	0.10011183528538942	0.836578280387221	3
0.05121907214732532	0.1202009780891084	0.8285799497635666	3
0.09573324801099609	0.13399606049933643	0.7702706914896673	3
0.05680286718715611	0.16457934966298382	0.7786177831498599	3
0.06530802731142482	0.10196434317613491	0.8327276295124406	3
0.04379786698152721	0.04691831208289948	0.9092838209355729	3
0.038849746355956824	0.16620761057439326	0.7949426430696495	3
0.05662655394767563	0.18045618791968998	0.7629172581326347	3
0.041632028679926845	0.07547536729087709	0.8828926040291961	3
0.20756194358771465	0.4165011753928279	0.3759368810194578	2
0.0674447817688299	0.10970834291474182	0.8228468753164285	3
0.06954141077395189	0.13434362823758655	0.7961149609884617	3
0.06342108037112042	0.5332292113918587	0.40334970823702043	2
0.07209127717419908	0.12013013360539013	0.807778589220411	3
0.04400633207100135	0.08209376382638742	0.8738999041026115	3
0.08939531691640672	0.4861525121630673	0.42445217092052634	2
0.05985730114019078	0.17668435503797134	0.7634583438218381	3
0.04128323861026223	0.041358787537911015	0.9173579738518263	3
0.05696098246424641	0.08093456480005452	0.8621044527356989	3
0.07527227122040081	0.06003998386009287	0.864687744919506	3
0.06066600443145083	0.3222636798347521	0.6170703157337966	3
0.12107671201461107	0.16470051559785887	0.7142227723875297	3
0.12692380581349716	0.5708806591756839	0.30219553501081897	2
0.04636220989005543	0.056649273849324534	0.8969885162606203	3
0.07198838497062512	0.0915118116778266	0.836499803351548	3
0.04660039119113475	0.13999552121930572	0.8134040875895593	3
0.03936538985375213	0.11463438902807878	0.8460002211181691	3
0.09406107147827379	0.2545464460425621	0.6513924824791644	3
0.06397022685709788	0.08275519507681076	0.8532745780660917	3
0.06956816921564898	0.057263162228722214	0.8731686685556289	3
0.08064460329461236	0.2144529449331431	0.7049024517722443	3
0.056626940836658965	0.16818613977529537	0.7751869193880456	3
0.06455881897880339	0.12166996644750691	0.8137712145736901	3
0.043950677782890704	0.3307489559172869	0.6253003662998226	3
0.10692747313346199	0.05526870205398618	0.8378038248125521	3
0.14269155158297744	0.15388595391507856	0.7034224945019442	3
0.17756957338414495	0.09344748681481616	0.7289829398010392	3
0.11067604774307066	0.12570695958598677	0.7636169926709422	3
0.04358491246897985	0.1286639542564721	0.827751133274548	3
0.051433985247250916	0.05263315198025827	0.8959328627724905	3
0.06955165395376735	0.18863694439270734	0.7418114016535248	3
0.0792815131345514	0.2595049171145567	0.6612135697508916	3
0.09224805708142808	0.07497311846679684	0.832778824451775	3
0.052741106990742775	0.1318802368314636	0.8153786561777941	3
0.06074904769921714	0.6625200253255337	0.2767309269752495	2
0.0877666873830708	0.1704056614339229	0.7418276511830061	3
0.06644768083189637	0.18724317432818716	0.7463091448399168	3
0.045525879667800216	0.16684779092532417	0.787626329406876	3
0.06782557120009584	0.08946801308447505	0.8427064157154289	3
0.16253292236394445	0.11807512214467952	0.719391955491376	3
0.22564663999336482	0.30849364118503053	0.4658597188216043	3
0.06486967765649083	0.1811806452218505	0.7539496771216586	3
0.2652761210379531	0.10682301418660292	0.627900864775444	3
0.04113775197988734	0.07815997714782523	0.8807022708722869	3
0.07833848557918943	0.6656958360253743	0.25596567839543666	2
0.1304601544984133	0.6499809448134285	0.21955890068815853	2
0.05888230973424085	0.5886378954873478	0.35247979477841085	2
0.1408863729437243	0.0413212435110434	0.8177923835452328	3
0.10977321750287541	0.42047880231586193	0.4697479801812629	3
0.04208124269474581	0.09170632565716935	0.866212431648085	3
0.05546334463712538	0.22374329057773723	0.7207933647851372	3
0.28293284305001415	0.28849461438719515	0.42857254256279076	3
0.04580887554048974	0.4942331115083891	0.4599580129511212	2
0.04355960415158828	0.1114711696405161	0.8449692262078956	3
0.042481410180055086	0.0493375205486573	0.9081810692712879	3
0.09794390542308676	0.4311647818500275	0.47089131272688567	3
0.05847970792975404	0.05700553737157717	0.8845147546986689	3
0.03982187017227432	0.18567039949117636	0.7745077303365497	3
0.15869136955159185	0.08066252588608692	0.7606461045623216	3
0.06886865704305765	0.11481249033641872	0.8163188526205234	3
0.054108490589211966	0.09310323423085809	0.85278827517993	3
0.05205364071903984	0.12536832870657993	0.8225780305743806	3
0.05220440934380103	0.0786243693385078	0.8691712213176909	3
0.04311362693315657	0.1469682253895514	0.8099181476772919	3
0.21387320966570322	0.12477143933267913	0.6613553510016177	3
0.053472813441287306	0.04150130532139083	0.9050258812373217	3
0.0716528056964098	0.1697953102268852	0.7585518840767046	3
0.05461510173551197	0.10440443682587576	0.840980461438612	3
0.04010330566188457	0.21200832072483444	0.7478883736132804	3
0.048776101970928964	0.3136586337271293	0.6375652643019415	3
0.07301616677623773	0.16738347867131836	0.7596003545524436	3
0.10657317605241158	0.6024254948730382	0.29100132907455006	2
0.060876017527943395	0.37408927057413244	0.5650347118979241	3
0.053315722514600594	0.08046852874809901	0.8662157487373	3
0.05495281489624416	0.07159407418420906	0.8734531109195467	3
0.04463833740837859	0.11860612026645123	0.8367555423251699	3
0.34564073911254717	0.18690855390121602	0.46745070698623686	3
0.08148710846183235	0.06426517728673412	0.8542477142514335	3
0.19548405332310886	0.725383998952082	0.07913194772480911	2
0.07017047845052744	0.06682654795958881	0.8630029735898834	3
0.12061664221890588	0.5276505426538677	0.3517328151272263	2
0.09515576742753862	0.1122148054526588	0.7926294271198026	3
0.06280601838131884	0.07185732448382373	0.8653366571348577	3
0.11059329137975923	0.4282233643329932	0.4611833442872474	3
0.04860453458765085	0.26160627551750887	0.6897891898948402	3
0.0997547653258251	0.057598914390054864	0.84264632028412	3
0.07215009358154197	0.1561055889078475	0.7717443175106102	3
0.09596962837051076	0.1949601035776957	0.7090702680517937	3
0.11893058546034004	0.21917272369134733	0.6618966908483129	3
0.09017294449986221	0.054813152218779526	0.8550139032813585	3
0.04085801515940846	0.1995924638448008	0.7595495209957905	3
0.06907429784056006	0.10261438773158736	0.8283113144278527	3
0.08664965805885808	0.15455672285193547	0.7587936190892062	3
0.05275569724093858	0.30530585985495673	0.6419384429041046	3
0.06725002231392099	0.053404677667286425	0.8793453000187925	3
0.05751743004195714	0.1257356034313533	0.8167469665266893	3
0.052226327588733995	0.2404619536286146	0.7073117187826519	3
0.24861791566721006	0.3692650767441531	0.38211700758863687	3
0.041899534535353423	0.07876071090639433	0.8793397545582522	3
0.06918345610802872	0.10909970875592809	0.8217168351360437	3
0.060423972791282435	0.1981623271593867	0.7414137000493304	3
0.0684796052512906	0.06120162496561839	0.8703187697830909	3
0.05481957795880921	0.27530212404999965	0.6698782979911909	3
0.07343819849244512	0.5784952539447968	0.3480665475627584	2
0.25761765516317914	0.4887904113199805	0.2535919335168402	2
0.05330307417943225	0.0503140173455649	0.8963829084750028	3
0.08940399384912287	0.06592054655601906	0.8446754595948578	3
0.16009678855184675	0.19533129149861228	0.6445719199495411	3
0.07774838696591567	0.7878123031939619	0.1344393098401227	2
0.05029758351329947	0.07924416494492054	0.87045825154178	3
0.051114430198710384	0.1830061825005994	0.7658793873006897	3
0.4580618959985161	0.16043351942938122	0.38150458457210246	1
0.052043468601487085	0.173837526357669	0.774119005040844	3
0.093376752492564	0.07600870165200327	0.8306145458554324	3
0.04201867115629492	0.13002164772522445	0.8279596811184807	3
0.0529822894515921	0.09790361025224412	0.8491141002961635	3
0.04019470319869731	0.05275597834595135	0.9070493184553515	3
0.09045436806321683	0.12733204051532032	0.7822135914214626	3
0.05568568592624189	0.043915481379676866	0.9003988326940816	3
0.05723825067296666	0.042776373914083565	0.8999853754129503	3
0.08539255653094319	0.2343221628164172	0.6802852806526397	3
0.0409194393882394	0.154449363783216	0.8046311968285446	3
0.09489461793079448	0.07461993072664985	0.8304854513425557	3
0.04169368451334065	0.24169399054914523	0.7166123249375145	3
0.06013170025534342	0.8347527649542517	0.1051155347904047	2
0.07151098063031236	0.7966209904323278	0.1318680289373598	2
0.12532064530199022	0.12105103550408038	0.7536283191939297	3
0.09490715237994679	0.1605594641320044	0.7445333834880489	3
