0.05575431417655286	0.09076101659982753	0.8534846692236199	3
0.33404610473514246	0.5066538410695458	0.1593000541953116	2
0.08167328690175531	0.07289007952650252	0.8454366335717426	3
0.05791804691530864	0.6333198444086742	0.3087621086760177	2
0.052241046928238326	0.12605737047804177	0.8217015825937195	3
0.0883757493261881	0.11409498496109897	0.7975292657127134	3
0.0743727647852799	0.08462252358639222	0.8410047116283282	3
0.08919786083831233	0.056483331944277494	0.8543188072174103	3
0.0500584289840822	0.09832783196551176	0.8516137390504063	3
0.07124869050404889	0.12884493331579097	0.7999063761801605	3
0.07442998914489446	0.13772042686535704	0.7878495839897485	3
0.05400154361287101	0.21896238477511965	0.7270360716120091	3
0.05429753530892034	0.08736356178992045	0.8583389029011593	3
0.05109469029485165	0.11832485453565349	0.8305804551694949	3
0.07970679476738012	0.856212477134132	0.06408072809848854	2
0.062508728420868	0.13904518960063172	0.798446081978501	3
0.10181324058567587	0.1713011056276813	0.7268856537866425	3
0.13246654951360795	0.10558727375439665	0.7619461767319954	3
0.06546585087415908	0.062503449076563	0.8720307000492777	3
0.06370288398024507	0.18674813766511789	0.7495489783546376	3
0.10276073704938375	0.6779584884469143	0.21928077450370229	2
0.13296923761456583	0.14380981514787136	0.7232209472375634	3
0.06258167180540085	0.0907072811817144	0.8467110470128851	3
0.0899837513213083	0.12919579295366565	0.780820455725026	3
0.05350234566380483	0.09196068086212388	0.854536973474071	3
0.0561579991864054	0.11936268566924801	0.8244793151443465	3
0.0741980727266482	0.17424959182624555	0.7515523354471064	3
0.08287737974158328	0.5079077351162307	0.4092148851421858	2
0.06616379525714358	0.17717929387263864	0.7566569108702176	3
0.06976897078088545	0.2253240170182821	0.7049070122008328	3
0.07910998921846119	0.5698659510784597	0.3510240597030792	2
0.07238737595932641	0.16435552898239272	0.7632570950582803	3
0.08247911989791605	0.25198259388257677	0.6655382862195071	3
0.05676377268741604	0.7435833796645239	0.19965284764805968	2
0.0788804277192793	0.46344397682538285	0.45767559545533776	2
0.06667537957533178	0.21845834566793146	0.7148662747567373	3
0.05302312821966191	0.35810829608484224	0.5888685756954953	3
0.08527847873290366	0.11832316108404019	0.7963983601830561	3
0.0966441009136641	0.3647131507405476	0.5386427483457884	3
0.08589931478357958	0.08327442637034393	0.830826258846077	3
0.06188110774869521	0.0730564592681736	0.8650624329831308	3
0.05446814238710063	0.18659358927781144	0.7589382683350886	3
0.0657367194187169	0.08178562103389395	0.8524776595473887	3
0.06983599922990073	0.07906606505023636	0.8510979357198631	3
0.10725414910691267	0.3259747625260901	0.5667710883669969	3
0.08121263583271224	0.497855431434366	0.4209319327329215	2
0.07211494645060565	0.10664507939403467	0.8212399741553598	3
0.06451962233406965	0.05745026913582269	0.878030108530108	3
0.07337292625789431	0.3626612129708249	0.5639658607712806	3
0.052730925781140116	0.08376723527571206	0.8635018389431472	3
0.05294991209777611	0.6808274939337874	0.26622259396843656	2
0.05359206260287536	0.07713867905051291	0.8692692583466118	3
0.07376675683984994	0.13711942300271004	0.7891138201574397	3
0.06281829171061934	0.10067099676716251	0.836510711522218	3
0.1227701990137771	0.37072648322907326	0.5065033177571497	3
0.08374418290748335	0.5100914825762003	0.4061643345163166	2
0.11666788784754363	0.7080076638333536	0.17532444831910263	2
0.05767236222398084	0.1344360067063403	0.8078916310696793	3
0.47410965426118185	0.16370297087223354	0.3621873748665845	1
0.07515669747557574	0.14467605917856086	0.7801672433458636	3
0.08501790119811635	0.25513162919845156	0.6598504696034323	3
0.06904006930081504	0.06964168747480488	0.8613182432243796	3
0.1377653306322981	0.3772702275769571	0.484964441790745	3
0.0657244669880705	0.4494947408038352	0.48478079220809445	3
0.07949966130054449	0.43747179894436145	0.48302853975509374	3
0.07343100484668613	0.42292060075682775	0.5036483943964866	3
0.06558297016275808	0.29235658803522324	0.6420604418020186	3
0.06454480361054614	0.0801412347889691	0.8553139616004842	3
0.06064322032345187	0.34457121082418896	0.5947855688523594	3
0.08917400353769707	0.19828503684752963	0.7125409596147728	3
0.47429475354744133	0.3579013878875113	0.1678038585650469	1
0.11554377758734306	0.07163119062809682	0.8128250317845599	3
0.12666770046100537	0.4467873676124252	0.4265449319265698	2
0.06619382879091655	0.09090278721505557	0.842903383994028	3
0.05523734098901762	0.06815898082370216	0.8766036781872799	3
0.11826923848827682	0.11271953534808045	0.7690112261636428	3
0.05294189321268119	0.2681913199644292	0.6788667868228896	3
0.08620123396481748	0.1454346997192064	0.7683640663159763	3
0.08778069938911216	0.10014896620212144	0.8120703344087662	3
0.16430886849429258	0.23443080793959506	0.6012603235661119	3
0.2186834792862601	0.3945848216948174	0.38673169901892274	2
0.0559195918500803	0.1910057551606582	0.7530746529892612	3
0.058179382146694734	0.40136912939293046	0.5404514884603745	3
0.07103315801339997	0.10178074202833813	0.8271860999582622	3
0.0797322893468065	0.11119934751390433	0.8090683631392889	3
0.27687150518414877	0.21243605658668704	0.5106924382291645	3
0.053236548998781545	0.18330109016951487	0.7634623608317032	3
0.061062499884870135	0.3561594765934109	0.5827780235217187	3
0.061164048422795526	0.08462396669452882	0.8542119848826752	3
0.10644086056474684	0.15497304985938118	0.7385860895758717	3
0.12522989803220452	0.2412385982214086	0.633531503746387	3
0.08387920210269884	0.6359998378815311	0.2801209600157695	2
0.10434955870383784	0.18793405656089315	0.7077163847352684	3
0.08428060830720123	0.20276590843436385	0.7129534832584343	3
0.14222764095817086	0.5877593497469193	0.2700130092949094	2
0.06249182137563527	0.32261588176462147	0.6148922968597428	3
0.060603407217375706	0.16594523019212784	0.7734513625904968	3
0.0581236913965616	0.1279979182642533	0.8138783903391845	3
0.11769972441596636	0.5610942692855313	0.321206006298502	2
0.05219570841742672	0.3626608044519936	0.5851434871305793	3
0.20747548120848916	0.6533342833219534	0.13919023546955714	2
0.09505679818288419	0.30154678092565346	0.6033964208914625	3
0.08989838085742285	0.17743853442982319	0.7326630847127537	3
0.05867255420188578	0.09427660868191035	0.8470508371162043	3
0.0641135765829615	0.19101808483108626	0.7448683385859519	3
0.05795855864905125	0.20254624861036477	0.7394951927405836	3
0.07723754480572344	0.08202448339164987	0.8407379718026267	3
0.05203453322496545	0.07885967289293672	0.8691057938820975	3
0.31201948400213336	0.3005270711381167	0.3874534448597493	3
0.06228223753501271	0.125120102194078	0.812597660270909	3
0.0825910725837169	0.1683851605385561	0.7490237668777268	3
0.22442830077042888	0.7007952542183489	0.07477644501122227	2
0.23290122951550796	0.45377713539785686	0.31332163508663496	2
0.12518588050231108	0.1288767114489736	0.7459374080487148	3
0.06020425132434536	0.13293530343999663	0.8068604452356585	3
0.07152199259113366	0.30330282729960373	0.6251751801092632	3
0.08491626701831125	0.4847823876147832	0.4303013453669051	2
0.14825896964467467	0.6302096949916262	0.2215313353636991	2
0.05769837269626065	0.06592719909788634	0.8763744282058528	3
0.07154624693254731	0.14156229254177502	0.7868914605256779	3
0.09487844707474173	0.11891874931777387	0.786202803607484	3
0.07029704449291567	0.07166050440532828	0.858042451101756	3
0.06958581344397084	0.19942094015231568	0.7309932464037132	3
0.05634280057374468	0.1371170964262002	0.8065401030000553	3
0.16818737459755018	0.17841901835492524	0.653393607047525	3
0.06313534057302472	0.09895325241799117	0.8379114070089843	3
0.05680058321191971	0.10127423834102599	0.8419251784470538	3
0.09895536400211198	0.06779850745362337	0.8332461285442646	3
0.057964841930298834	0.05601428514796003	0.8860208729217413	3
0.38925027607120805	0.3373745161508164	0.27337520777797547	1
0.05437161028048499	0.5414228509819686	0.40420553873754633	2
0.07509493119990984	0.16101301754053476	0.763892051259556	3
0.07955601091952996	0.12274463297605044	0.7976993561044196	3
0.05244082249822407	0.1113711095895153	0.836188067912261	3
0.07305700665789595	0.1362395872043715	0.7907034061377325	3
0.054889648637590965	0.15348870167924353	0.7916216496831648	3
0.05574920747795617	0.7188556989565879	0.22539509356545528	2
0.05257491953933092	0.08254542998371321	0.8648796504769556	3
0.08856803091856241	0.07543531238188213	0.8359966566995549	3
0.04984975624524385	0.15771357367340008	0.792436670081356	3
0.060072056584479235	0.21998005120565092	0.7199478922098699	3
0.061378674554704034	0.08023915578439701	0.8583821696608993	3
0.11687755382551114	0.06900377265260853	0.8141186735218802	3
0.06268075907192894	0.07592845147468834	0.8613907894533823	3
0.1319540840998682	0.08332801402366108	0.7847179018764711	3
0.05319994674006607	0.23944770655869904	0.7073523467012354	3
0.06960629301147046	0.1799031743294319	0.7504905326590983	3
0.07408450431245421	0.07774989435373429	0.848165601333811	3
0.06483367702238477	0.08002950042467283	0.8551368225529424	3
0.05669726798880632	0.14759309938441453	0.7957096326267795	3
0.05486912573897044	0.05761939198689899	0.8875114822741302	3
0.059999456156452656	0.43263877955671	0.5073617642868368	3
0.1742192139205474	0.4744192279692305	0.351361558110222	2
0.08253749569346727	0.1766190383857115	0.7408434659208211	3
0.06635948208599875	0.554508084123805	0.37913243379019623	2
0.0560789969761695	0.059069236382655065	0.884851766641176	3
0.08596927818519377	0.22138633382532857	0.6926443879894778	3
0.06389657482912911	0.07134964891634908	0.8647537762545218	3
0.15323769151742092	0.08571009347638092	0.7610522150061986	3
0.05624471617690061	0.06354010964315253	0.8802151741799474	3
0.15348129540363495	0.3402524729795186	0.5062662316168467	3
0.05336088962310903	0.06992593684066341	0.8767131735362269	3
0.05587618261272653	0.07184003568097097	0.8722837817063023	3
0.0723440540506488	0.17540977477	0.7522461711793511	3
0.052351092821841944	0.13131454533371043	0.8163343618444473	3
0.1394936394615427	0.2312800202126454	0.6292263403258122	3
0.0799543884813268	0.263655844596501	0.6563897669221728	3
0.08018686573170586	0.11781550774239465	0.8019976265258993	3
0.054701636672853826	0.11671396502308967	0.8285843983040562	3
0.08230351892431943	0.23491234442098322	0.682784136654698	3
0.06832993042692108	0.10834575431435467	0.8233243152587248	3
0.05038660634173194	0.15404981221308311	0.7955635814451848	3
0.07460606823187825	0.0866521396908766	0.8387417920772449	3
0.28858712668401815	0.5028393860833049	0.20857348723267669	2
0.05263760343757339	0.08785479714057698	0.8595075994218493	3
0.05234907853477397	0.0757825728045688	0.8718683486606578	3
0.08905829060655894	0.06026795399883735	0.8506737553946032	3
0.11024113706171405	0.11504776181172945	0.7747111011265561	3
0.05189406398976217	0.24580627112134854	0.7022996648888896	3
0.07443954215293012	0.07397773120042793	0.8515827266466424	3
0.07864371713026339	0.30445487275726996	0.6169014101124669	3
0.0809442174678111	0.10637733169794032	0.8126784508342486	3
0.07730016963696623	0.3392001417910477	0.5834996885719855	3
0.05527086575142931	0.14811063238757977	0.7966185018609909	3
0.13742703230680167	0.736759235800081	0.12581373189311698	2
0.08875073611171296	0.06447532089926132	0.8467739429890259	3
0.05814241683463576	0.635270059721062	0.3065875234443024	2
0.06286164581738643	0.06630557286806031	0.8708327813145531	3
0.09097608123631985	0.2240183234869877	0.6850055952766919	3
0.06185070721519837	0.1887456517905659	0.7494036409942358	3
0.07637367925561217	0.06510795148749954	0.8585183692568878	3
0.08525535713776215	0.25762260992543423	0.657122032936804	3
0.05892809171950194	0.31079760929261524	0.6302742989878828	3
0.059912578867972875	0.3240528923391261	0.6160345287929007	3
0.36762696733421335	0.14150333504288093	0.49086969762290567	3
0.05289667368006362	0.21932289752283893	0.7277804287970971	3
0.06423122604749211	0.10788836018826804	0.8278804137642403	3
0.06271020333225029	0.07762096895039572	0.8596688277173543	3
0.05438551899188601	0.12136917666108415	0.8242453043470294	3
0.05680367178591683	0.0650052390829462	0.8781910891311369	3
0.05831790776919452	0.06589071336181264	0.875791378868993	3
0.18538819452801256	0.16868481730614984	0.6459269881658378	3
0.05208074938990792	0.1163964617033113	0.8315227889067812	3
0.12125016732790904	0.3543465907957864	0.5244032418763042	3
0.1039506748436635	0.2503248850725568	0.64572444008378	3
0.06466857963931898	0.09586651697885851	0.839464903381823	3
0.05178624178634095	0.11993101464525491	0.8282827435684044	3
0.06452250605686796	0.38609869865070384	0.5493787952924284	3
0.07735923383963246	0.13724658373761742	0.7853941824227505	3
0.061127161367791026	0.1949867973877549	0.7438860412444538	3
0.0534180329651962	0.06174723979791158	0.8848347272368923	3
0.07126493854397153	0.3994226432536336	0.5293124182023955	3
0.05312709611187847	0.09298326345016221	0.8538896404379592	3
0.05182829230365565	0.11908120237671933	0.8290905053196247	3
0.07602520673674167	0.7109592821503239	0.2130155111129344	2
0.16842249675246254	0.35958695799814727	0.47199054524939027	3
0.061907766999901116	0.0888037981391322	0.849288434860967	3
0.09130762221464579	0.33534590802866054	0.5733464697566938	3
0.06908222318686534	0.08875574225918349	0.8421620345539508	3
0.05276423012715659	0.18698629938412592	0.7602494704887178	3
0.06253876097218805	0.8582080933180487	0.07925314570976318	2
0.05249499662222898	0.3474579900886184	0.6000470132891523	3
0.08622786312320835	0.10492336346023874	0.8088487734165527	3
0.0809174874336542	0.05593984778986972	0.8631426647764764	3
0.08872404814071506	0.08929724030738662	0.8219787115518984	3
0.07175778446037871	0.3432329312405364	0.5850092842990854	3
0.1368930226558001	0.094232629158495	0.7688743481857051	3
0.20214285332585524	0.12616303061565626	0.6716941160584885	3
0.11788215788741911	0.37177110794177076	0.5103467341708102	3
0.1051755171741096	0.13140657892455285	0.7634179039013381	3
0.05506974283630792	0.10299335719929263	0.8419368999643998	3
0.13494302650471046	0.2312915754462231	0.6337653980490664	3
0.06958710251665852	0.07093935729766478	0.8594735401856762	3
0.06927689130260622	0.15577963135233888	0.7749434773450554	3
0.0609493363860458	0.11939041918584044	0.8196602444281144	3
0.0736716114840446	0.07185742104653299	0.8544709674694227	3
0.07656360635311761	0.0700141103970347	0.8534222832498473	3
0.07883217968761634	0.39182164216843124	0.5293461781439524	3
0.06214155243782867	0.6841181145875318	0.25374033297463966	2
0.06496459839333325	0.08152894200195561	0.8535064596047109	3
0.06793270907621511	0.2317723524071248	0.70029493851666	3
0.06791018736180561	0.100722305194408	0.8313675074437862	3
0.05665353590895949	0.09080239335215867	0.8525440707388814	3
0.055026687925915224	0.06835894274861244	0.8766143693254729	3
0.11333588272751216	0.09789212002000998	0.7887719972524777	3
0.05568183149855369	0.09367625508492201	0.850641913416525	3
0.05514144222431964	0.18953559496440767	0.7553229628112729	3
0.07286572259366163	0.09986656906976511	0.8272677083365735	3
0.10637424673953155	0.10204466289314158	0.7915810903673274	3
0.0762190499103567	0.2639106869078905	0.6598702631817535	3
0.07200909856687694	0.1212477203267004	0.8067431811064223	3
0.13075428202168715	0.2837719550070184	0.5854737629712938	3
0.0926324995268162	0.17199161682227007	0.7353758836509132	3
0.0748040575494046	0.4194114252973114	0.5057845171532843	3
0.0769219256779348	0.5637428956851936	0.359335178636871	2
0.07630839524038284	0.2576155006444254	0.666076104115192	3
0.09416301046056336	0.1488132581638883	0.7570237313755479	3
0.11144749315032891	0.07655939339030272	0.8119931134593683	3
0.054809182952152785	0.138905314338886	0.8062855027089614	3
0.05396844688439559	0.07919184425388316	0.8668397088617216	3
0.20185119939646634	0.13521026858418417	0.6629385320193493	3
0.05303793809547039	0.17045281206151378	0.7765092498430164	3
0.20868911012980154	0.19200362952826264	0.5993072603419356	3
0.09815615228929157	0.1184144712927896	0.783429376417919	3
0.07125604240222926	0.11843868004386797	0.810305277553903	3
0.09457329883020911	0.652798267450122	0.252628433719669	2
0.17947204944535813	0.4131652113289048	0.407362739225737	2
0.05870056164887579	0.1273838173462752	0.8139156210048495	3
0.062260421706440194	0.3149390931017955	0.6228004851917639	3
0.2049626875912475	0.5012404128924833	0.2937968995162687	2
0.10361951971837415	0.05591638492459233	0.840464095357034	3
0.06109196561266236	0.6083300373884243	0.3305779969989127	2
0.11879336330409423	0.2639254212655079	0.6172812154303984	3
0.051745464054051914	0.23587531889184007	0.7123792170541076	3
0.1445102718232576	0.6458427124685481	0.20964701570819477	2
0.06990563597868765	0.09189265660499107	0.8382017074163208	3
0.05352080088546402	0.08306327837020233	0.8634159207443332	3
0.0720142057836567	0.09028524467056376	0.8377005495457794	3
0.08346416324984562	0.13157957172598267	0.7849562650241713	3
0.08803542689596744	0.25989590659219935	0.6520686665118335	3
0.08359987192670303	0.13470449314512653	0.7816956349281708	3
0.05836144921142414	0.16551408909693363	0.776124461691643	3
0.05339509819844621	0.21473910682400513	0.7318657949775488	3
0.17998895048836902	0.3202601087883061	0.4997509407233245	3
0.05610304857221373	0.07336983656261238	0.8705271148651738	3
0.05561074094580178	0.49493881835131576	0.449450440702883	2
0.08880906581037366	0.1334526783443661	0.7777382558452608	3
0.0672450119485315	0.11668721380155138	0.8160677742499166	3
0.17675580931622817	0.16322663816563832	0.6600175525181333	3
0.05995809510388187	0.11960847400471725	0.8204334308914009	3
0.08902785472481091	0.19025860561297506	0.7207135396622145	3
0.059153185793927116	0.6829642877602828	0.2578825264457902	2
0.09215202315054762	0.14358454285607655	0.764263433993376	3
0.2628959326038069	0.17409214613512636	0.5630119212610665	3
0.08392078697450862	0.20573124991601924	0.7103479631094721	3
0.07058034533473967	0.21168239858784843	0.7177372560774123	3
0.15563177269461398	0.08435924358107354	0.7600089837243128	3
0.06622740175383772	0.17159651346856777	0.762176084777594	3
0.13653407316927715	0.6105290903120116	0.25293683651871174	2
0.1403710098232024	0.07097305506253135	0.7886559351142668	3
0.08996675850524188	0.054686010324026445	0.8553472311707321	3
0.06370837690558395	0.291364795613361	0.6449268274810556	3
0.05275999921626004	0.12695889749032624	0.8202811032934134	3
0.060996506960133846	0.17853325780162696	0.7604702352382394	3
0.07644797107866462	0.24445396261468025	0.6790980663066556	3
0.19858177792929088	0.6557395800193516	0.1456786420513579	2
0.05095063997776308	0.24974010356340579	0.6993092564588307	3
0.07385521619256336	0.07509383115172587	0.8510509526557107	3
0.054446845412603244	0.08601248206525798	0.859540672522139	3
0.05382838891970699	0.12748536540280608	0.8186862456774865	3
0.07386708987718822	0.06805533276297815	0.8580775773598343	3
0.09133914615116397	0.7966667553021037	0.1119940985467327	2
0.08512072784475581	0.11287475799389783	0.8020045141613464	3
0.05273656119991585	0.1378765065870943	0.80938693221299	3
0.05741037782116081	0.18933566575157945	0.7532539564272601	3
0.055634890048330714	0.06372196865935478	0.8806431412923142	3
0.05469585887241434	0.06598181410371472	0.8793223270238705	3
0.05230398770029953	0.06853060310637679	0.8791654091933233	3
0.08525883334109052	0.07059923723777647	0.8441419294211331	3
0.05566075607701224	0.08282531013134127	0.8615139337916461	3
0.05471336555239434	0.10495014140920383	0.8403364930384022	3
0.053284050413135615	0.1399020722111177	0.8068138773757472	3
0.21226529697492666	0.3591309449647521	0.42860375806032147	3
0.05198479757855374	0.07318712323607003	0.8748280791853761	3
0.1512261366822432	0.11207120189226638	0.7367026614254905	3
0.08613721826236886	0.09963207963463666	0.8142307021029948	3
0.06515363642703723	0.05630660175611107	0.8785397618168513	3
0.06086025233495363	0.19795246612374048	0.7411872815413059	3
0.1399958753198357	0.10299652292962062	0.7570076017505433	3
0.08700937664484497	0.37121835044402024	0.5417722729111354	3
0.06677810758826458	0.06487478476741439	0.8683471076443215	3
0.1751959845525984	0.3965890663776028	0.428214949069799	3
0.06392237035877295	0.13973143429552481	0.7963461953457022	3
0.08088264651599018	0.19851663907903946	0.72060071440497	3
0.050956840020824186	0.22096996848552883	0.7280731914936466	3
0.08872457024967528	0.10850898319558222	0.802766446554743	3
0.05279215885105163	0.09743069644455732	0.8497771447043906	3
0.4827690515161389	0.2506216045836393	0.26660934390022156	1
0.06338281510911073	0.622738240468495	0.3138789444223942	2
0.07488294895570187	0.14205560245749504	0.7830614485868028	3
0.07104803022271469	0.10673163974370643	0.8222203300335785	3
0.09006631508558127	0.13849551462184173	0.7714381702925767	3
0.10743283259284275	0.06716641282343469	0.8254007545837224	3
0.10020442716525313	0.07956907072658453	0.8202265021081628	3
0.05295092290504643	0.34491276340848215	0.6021363136864712	3
0.0797778098495987	0.08044479731614812	0.8397773928342538	3
0.08674124862768147	0.17258061679992642	0.7406781345723924	3
0.07828427852853634	0.1660987163477016	0.7556170051237622	3
0.25121281998116896	0.3950468095515549	0.3537403704672762	2
0.0850088533921437	0.27128391915059047	0.6437072274572658	3
0.06322283204517096	0.2194640501169296	0.7173131178378999	3
0.11346300729487058	0.41238159007750824	0.47415540262762096	3
0.2636381691544061	0.11114748581593721	0.6252143450296569	3
0.06267367506226333	0.1125545718984398	0.8247717530392965	3
0.07140165108028251	0.12460486321599361	0.8039934857037238	3
0.06355445886204343	0.09416418728188741	0.8422813538560693	3
0.06402401303955976	0.1962709995436136	0.7397049874168268	3
0.05066124177878648	0.08323569295790297	0.8661030652633105	3
0.20122183528827428	0.22456833289769862	0.5742098318140271	3
0.06371056354670802	0.500999932613856	0.43528950383943615	2
0.10105153590938343	0.18970821391770562	0.7092402501729104	3
0.05944456669097948	0.057230866785651924	0.8833245665233685	3
0.05850732892232841	0.08987708102276566	0.8516155900549065	3
0.07522766080442862	0.19463809879834013	0.7301342403972307	3
0.07344372870078693	0.11973498558090996	0.8068212857183035	3
0.05183981940044602	0.0980649506013415	0.8500952299982131	3
0.06610467326659289	0.4092955847816051	0.5245997419518019	3
0.0709409818371315	0.1151947011210294	0.8138643170418387	3
0.34268457306765604	0.3514107403686335	0.3059046865637108	2
0.15785237415473335	0.07434029823830873	0.7678073276069575	3
0.06375791076963701	0.11883662612564334	0.8174054631047193	3
0.09069322453709072	0.10362500438336526	0.8056817710795435	3
0.061864495884069164	0.13977719227559743	0.798358311840333	3
0.10742542451442001	0.055057449022287264	0.8375171264632925	3
0.10177495790825002	0.5396940722445803	0.35853096984716964	2
0.06675598399273597	0.09813380032246825	0.8351102156847959	3
0.0780483718915126	0.221267020617968	0.7006846074905191	3
0.13805759386186447	0.36126706616551235	0.5006753399726237	3
0.06337998307831895	0.10715752253807385	0.8294624943836072	3
0.05204406407563366	0.11899140121957581	0.8289645347047899	3
0.06741620414999284	0.09210179208423179	0.840482003765775	3
0.07918335530292585	0.11857676103112291	0.8022398836659509	3
0.06597212255681376	0.21578847467060477	0.7182394027725819	3
0.05161164840114485	0.15338399002837536	0.7950043615704798	3
0.06981578021647473	0.11312155047433418	0.817062669309191	3
0.06588664985980042	0.06672904916325036	0.8673843009769496	3
0.06264891666163029	0.17851094160083614	0.7588401417375336	3
0.06181025906566328	0.13176353590699474	0.8064262050273419	3
0.062287418396339785	0.07402717499425082	0.8636854066094096	3
0.06932782468798683	0.1242468819127276	0.8064252933992856	3
0.060623947846535124	0.10125336533096534	0.8381226868224992	3
0.0997364202654295	0.12660845642448545	0.7736551233100847	3
0.07503041104223347	0.1425803705504917	0.7823892184072747	3
0.07377448537154492	0.10405841115709469	0.822167103471361	3
0.06255433342729601	0.16367842919586337	0.7737672373768412	3
0.06084857434359572	0.08598105677345445	0.8531703688829501	3
0.07780355937447005	0.08801847619961668	0.8341779644259134	3
0.0791589013685803	0.1093037373793553	0.811537361252065	3
0.06182487995359153	0.08067739852594186	0.8574977215204669	3
0.06482883258959307	0.07486307861538746	0.8603080887950192	3
0.06296159522297239	0.14329140476110888	0.7937470000159191	3
0.10633301027917645	0.10268046508833208	0.7909865246324914	3
0.06035936470958695	0.3098853374746841	0.6297552978157284	3
0.08798688874678684	0.18357582992511046	0.7284372813281031	3
0.054414098361750124	0.13338756525737352	0.8121983363808768	3
0.07916196873988007	0.16209389042761538	0.7587441408325049	3
0.07481122875799029	0.11740486432366394	0.8077839069183453	3
0.05771626575386946	0.08930793201040944	0.8529758022357208	3
0.05082155541093833	0.1093457946890359	0.8398326499000256	3
0.09320615735004863	0.18978661310653747	0.7170072295434134	3
0.0866424475910829	0.10604879109258265	0.8073087613163347	3
0.0676961496060645	0.13169073494183312	0.8006131154521029	3
0.10940654703136356	0.08031428793130475	0.810279165037331	3
0.10215716278853211	0.35511273743796945	0.5427300997734991	3
0.0799244250625615	0.07704877504625299	0.8430267998911858	3
0.06266910553969492	0.2953979538748566	0.6419329405854478	3
0.06861427980349159	0.18276106097807518	0.7486246592184331	3
0.1347004069238662	0.23471884692441014	0.6305807461517234	3
0.06005567942762977	0.07104171327707363	0.8689026072952961	3
0.14555134800944494	0.08496346491878927	0.7694851870717653	3
0.07693230516876282	0.1128847745364534	0.8101829202947842	3
0.09751827326899691	0.5828189952171887	0.3196627315138145	2
0.07290983438450045	0.10242998270135034	0.8246601829141489	3
0.06899943677477711	0.1399237301740165	0.7910768330512069	3
0.062275462952810834	0.12147705032780264	0.816247486719386	3
0.1256588354560729	0.1367002137063042	0.737640950837623	3
0.23428582009452925	0.11034116025165748	0.6553730196538131	3
0.0686854717911133	0.5617319743423922	0.36958255386649447	2
0.07490535259284159	0.07152126184033215	0.853573385566826	3
0.06288931704196399	0.07149373359767623	0.865616949360359	3
0.14603023723162453	0.07462200858269862	0.7793477541856774	3
0.054296600742126645	0.1868366627396351	0.7588667365182385	3
0.09345110819242282	0.1720171217520956	0.7345317700554811	3
0.13518459867140864	0.19320562996105026	0.671609771367541	3
0.07118887661553694	0.10715877128775529	0.8216523520967081	3
0.08265359533615504	0.38174358863823077	0.5356028160256138	3
0.09952944563799522	0.11909608881386448	0.7813744655481405	3
0.05354869925709513	0.10008772629074807	0.8463635744521568	3
0.05251368972453427	0.11787872022734958	0.8296075900481164	3
0.057180703524390634	0.11989246631776333	0.8229268301578455	3
0.05476326494111273	0.11101154430045303	0.8342251907584339	3
0.16932133223384574	0.4121616570721806	0.41851701069397307	3
0.0523076908461286	0.13746070921068418	0.8102315999431878	3
0.05072667524930857	0.126576780254215	0.822696544496477	3
0.06295218561845072	0.6181451009629099	0.31890271341863996	2
0.08910176752919756	0.1766767533361956	0.7342214791346073	3
0.09514839354692543	0.365221415776712	0.5396301906763631	3
0.050688787915397514	0.07222364442270825	0.8770875676618944	3
0.17111709034477215	0.4270914490052084	0.40179146065001947	2
0.11031068442554985	0.08369854086701613	0.8059907747074334	3
0.062181146865006996	0.13666678381943173	0.8011520693155618	3
0.059285912821118066	0.5972106460824416	0.3435034410964402	2
0.3015196112613931	0.2719856393291679	0.42649474940943866	3
0.11972419073693064	0.07761256437649515	0.802663244886574	3
0.06821709227795725	0.5562693623576382	0.3755135453644048	2
0.07565408123235401	0.4071579838468262	0.5171879349208192	3
0.05353153080181836	0.06850109406467235	0.8779673751335088	3
0.11409368492015555	0.7612478077918948	0.12465850728794999	2
0.0639870555367096	0.09512413769871327	0.8408888067645776	3
0.1094971753779805	0.14219612964154385	0.7483066949804753	3
0.05549804904104344	0.12844465714330178	0.8160572938156548	3
0.45704183954380606	0.13939077877855896	0.4035673816776353	1
0.06428897101680152	0.0716542337271066	0.8640567952560924	3
0.16597905125630114	0.5343953500073709	0.2996255987363277	2
0.06810893485135303	0.13338611405735737	0.7985049510912895	3
0.07025462157999475	0.2295682153922474	0.7001771630277583	3
0.10149968486504667	0.11553990050981848	0.7829604146251347	3
0.05326505034470749	0.17773761270138397	0.7689973369539084	3
0.08262816004603231	0.519373737283857	0.39799810267011054	2
0.07829422695533729	0.29806056579613455	0.6236452072485279	3
0.06230269189591536	0.14151325563719783	0.7961840524668867	3
0.07492552684527015	0.055356850289130295	0.8697176228655991	3
0.09583543132058943	0.07695289913694457	0.8272116695424666	3
0.06334824532725863	0.10889851271546924	0.8277532419572721	3
0.061852421499751425	0.2435941865109117	0.6945533919893365	3
0.06944187998294628	0.167232801327621	0.7633253186894325	3
0.10745163895032932	0.2537803449706523	0.6387680160790189	3
0.0670770632276743	0.06044009231493438	0.8724828444573912	3
0.0645919768680917	0.3477747444164549	0.5876332787154528	3
0.062125951096584475	0.1599935425716126	0.7778805063318033	3
0.07510032816249097	0.05369624073332774	0.8712034311041817	3
0.05335272676533558	0.1513211368262631	0.7953261364084017	3
0.052231894876727615	0.08719346199875812	0.8605746431245146	3
0.08174485025179672	0.15878684072678428	0.7594683090214188	3
0.09918247442374341	0.3913634579116692	0.5094540676645875	3
0.08816767125480122	0.08641479005915441	0.825417538686044	3
0.05558294917701657	0.09404412126766931	0.8503729295553139	3
0.11685374450622033	0.12150278326027374	0.7616434722335059	3
0.06255026897798315	0.6555778421679647	0.28187188885405284	2
0.1816655112639557	0.11727029408103345	0.7010641946550108	3
0.08240216317144478	0.12895335508854447	0.7886444817400111	3
0.05255434421881049	0.1788916340441237	0.7685540217370653	3
0.07905099899686231	0.07085758964605482	0.8500914113570834	3
0.09611177834108375	0.13604136504597278	0.7678468566129436	3
0.0837818967059174	0.11919158796931432	0.7970265153247685	3
0.15834683203894565	0.15008045668606806	0.6915727112749867	3
0.09603335070153833	0.06705648007316246	0.8369101692252986	3
0.060002641861747176	0.11676024710461974	0.8232371110336336	3
0.09910559924794275	0.26092648801942964	0.639967912732628	3
0.06416275103712231	0.07011347317211651	0.8657237757907611	3
0.07358797236546857	0.4600263888232501	0.4663856388112815	3
0.07260700349597189	0.23859891499133443	0.6887940815126942	3
0.08164481770876254	0.09578146744519771	0.8225737148460396	3
0.09456809931090439	0.09687764396104981	0.8085542567280456	3
0.057832338489051	0.1278045325996611	0.8143631289112881	3
0.05502028236372835	0.13507351900711947	0.809906198629152	3
0.0790563643830397	0.09275628143506137	0.828187354181899	3
0.06341377996025453	0.6469281339031862	0.2896580861365597	2
0.051527058358335404	0.20379009030573028	0.7446828513359347	3
0.07203928329754117	0.10696418323198575	0.8209965334704736	3
0.17698854877665324	0.5404701959019607	0.2825412553213857	2
0.09072610327993717	0.25053458075431884	0.6587393159657436	3
0.061331818936763975	0.1269436710523448	0.8117245100108916	3
0.06035955004345106	0.08507592760852228	0.8545645223480266	3
0.07988111919747902	0.07039862837504395	0.8497202524274767	3
0.2886374469448797	0.4576198136908452	0.25374273936427555	2
0.055775110858016064	0.0899588538308053	0.8542660353111787	3
0.10160999915777723	0.07315187538865882	0.825238125453564	3
0.15650726872405818	0.20467838331754515	0.6388143479583964	3
0.13102546683138536	0.09553979185714549	0.7734347413114686	3
0.05985373366874174	0.2252386173520302	0.7149076489792282	3
0.07593344716769196	0.1068257982774648	0.817240754554843	3
0.05994249110208056	0.15129483618808373	0.7887626727098361	3
0.10138024352245151	0.13528954427886622	0.7633302121986821	3
0.06451322091636419	0.16028372550941275	0.7752030535742227	3
0.07036100511525271	0.11013356820208446	0.8195054266826632	3
0.0583444020523542	0.061763881659323866	0.8798917162883214	3
0.05171705090800888	0.1911832266423427	0.7570997224496477	3
0.0746085109631261	0.1850844506846865	0.740307038352188	3
0.055509081876764184	0.0923001517242971	0.8521907663989389	3
0.2000042648737885	0.42102814312284736	0.37896759200336455	2
0.08151297936775144	0.10343611735099767	0.8150509032812513	3
0.0733773401801958	0.13631405077700623	0.7903086090427981	3
0.07466815583076235	0.5283173624830403	0.3970144816861969	2
0.0785427668253761	0.12250540167381774	0.7989518315008065	3
0.05867510266658957	0.08445834373930906	0.8568665535941018	3
0.09263489395668388	0.4761153433477496	0.4312497626955669	2
0.06781804626289868	0.17581737713995024	0.7563645765971513	3
0.05504431783736854	0.055145049730375956	0.8898106324322551	3
0.07561990095321701	0.0885027001889656	0.8358773988578173	3
0.09176497500683871	0.07018134857861306	0.8380536764145479	3
0.07159161318347462	0.30448742111167454	0.6239209657048502	3
0.13281580225553957	0.15740059774313722	0.7097836000013228	3
0.13067411143140692	0.536770065752198	0.3325558228163952	2
0.06175522842309305	0.06667913720097184	0.8715656343759353	3
0.08697046378256323	0.0942615856624482	0.8187679505549883	3
0.061788161221883596	0.16013556531428486	0.7780762734638312	3
0.05246335221845577	0.13520594206849937	0.8123307057130448	3
0.10557146791832667	0.24389350627043338	0.6505350258112405	3
0.0748132897977944	0.09678924558822238	0.8283974646139839	3
0.07583078117076654	0.07531650683568882	0.8488527119935448	3
0.0854135899670298	0.24490200596090772	0.6696844040720622	3
0.06685662188011239	0.1721939260777595	0.7609494520421283	3
0.07770112665536996	0.13495457236769906	0.7873443009769314	3
0.05737874905497924	0.3061579392402874	0.6364633117047335	3
0.1339953307667505	0.06496681932115572	0.801037849912094	3
0.15634507999692238	0.1359784709410134	0.7076764490620646	3
0.21240787801313002	0.10617877359679734	0.6814133483900733	3
0.11533065447778253	0.12762968141772515	0.7570396641044917	3
0.0569790705630163	0.1421990397890117	0.8008218896479721	3
0.06857813943824159	0.06184363603599452	0.8695782245257635	3
0.08436312943695952	0.1980623258135419	0.7175745447494979	3
0.0803814910215435	0.2608888184388744	0.6587296905395817	3
0.0893215054480954	0.08142019793245601	0.8292582966194483	3
0.06189980177475434	0.12534787210830925	0.812752326116937	3
0.06988899105860572	0.6396560541487609	0.2904549547926337	2
0.08747001350988647	0.18161204584359783	0.7309179406465152	3
0.07158882804620982	0.19133737542476129	0.7370737965290294	3
0.059707765684809185	0.18266320751079831	0.757629026804393	3
0.07259286621128114	0.09074388301770953	0.836663250771009	3
0.16853970160237244	0.1358388871044256	0.6956214112932021	3
0.2438277337776841	0.29767093130691546	0.4585013349153999	3
0.0694669792859634	0.2032750134059853	0.7272580073080511	3
0.2979674595924696	0.11074961930592826	0.5912829211016022	3
0.05447962388359027	0.0824265670468864	0.8630938090695229	3
0.07925616435759891	0.6623706121307674	0.25837322351163405	2
0.13592801277146274	0.6288484445747471	0.23522354265379075	2
0.06829479548171752	0.5602718093561175	0.3714333951621643	2
0.12873353910855237	0.05416439354099856	0.8171020673504498	3
0.12917960719642976	0.4252309910483596	0.44558940175521095	3
0.05598034300673996	0.11216011961876408	0.8318595373744962	3
0.06430954532324142	0.256195914540619	0.6794945401361395	3
0.2751313952734093	0.29563467565956136	0.4292339290670297	3
0.058751991662508996	0.45883359982565874	0.4824144085118325	3
0.057728850053914975	0.10739460473225919	0.8348765452138259	3
0.05662348512810819	0.06521115159390926	0.878165363277983	3
0.09597337228243619	0.43676192304993317	0.4672647046676304	3
0.06959766660696236	0.06702376435259905	0.8633785690404384	3
0.05295975312391257	0.19115730449498528	0.7558829423811027	3
0.16156699940598854	0.08574027099075536	0.7526927296032566	3
0.07478086022923207	0.12930550732017707	0.7959136324505907	3
0.06379053182667734	0.11523529420537493	0.820974173967948	3
0.06106465325390712	0.13325707876591167	0.8056782679801818	3
0.06097160257177515	0.09278618332462958	0.8462422141035947	3
0.05735951879591225	0.16486904670858551	0.7777714344955021	3
0.23221175478408398	0.12592583029673743	0.6418624149191786	3
0.07124431085648751	0.05492683032833129	0.8738288588151809	3
0.0864849224421389	0.18508568686182736	0.7284293906960332	3
0.06443814084027501	0.1290778244265981	0.8064840347331267	3
0.05338006506481444	0.22685540788375644	0.7197645270514287	3
0.059507684002092776	0.33248457957872873	0.6080077364191782	3
0.0878066747749656	0.18657878615577536	0.7256145390692587	3
0.09868134062213717	0.6242338422332043	0.27708481714465827	2
0.07194652133925916	0.3683582181403195	0.5596952605204212	3
0.062466776660680234	0.09699675882724305	0.8405364645120762	3
0.06447504644676187	0.07657175981381191	0.858953193739426	3
0.056352971953566304	0.1266990312436257	0.8169479968028077	3
0.33246348598260544	0.19521096528076706	0.4723255487366276	3
0.08980038358198877	0.0733461865901041	0.8368534298279071	3
0.21668861943031312	0.7043143606447796	0.07899701992490739	2
0.07683925144648786	0.07202348253203751	0.8511372660214742	3
0.1362241008602015	0.5288701556155243	0.3349057435242739	2
0.10947511827358401	0.10614834205126866	0.7843765396751473	3
0.06696119484424186	0.09543039273057384	0.8376084124251847	3
0.10517756399841255	0.4066628538505872	0.488159582151	3
0.06066994672036646	0.24730015903842936	0.692029894241204	3
0.09630228563213665	0.06672604345931554	0.8369716709085478	3
0.07930390186163676	0.1805202809314932	0.7401758172068696	3
0.10270929229964632	0.19037768849011236	0.7069130192102415	3
0.1403059002891188	0.22796060347287603	0.6317334962380056	3
0.08689725750153039	0.07308420079956625	0.8400185416989037	3
0.0544248094871421	0.21382419341351247	0.7317509970993451	3
0.07542002477180737	0.11844217277831719	0.8061378024498754	3
0.08948389148342817	0.16810626674195414	0.7424098417746173	3
0.06180530653337115	0.3135817684016771	0.6246129250649518	3
0.07249759695600973	0.06857667796268539	0.8589257250813048	3
0.06824382034612346	0.14792310374394227	0.7838330759099339	3
0.060971578758598544	0.237907587723597	0.701120833517805	3
0.25351025208018935	0.3790058321807273	0.36748391573908346	2
0.05586594333611843	0.08834749413323294	0.8557865625306484	3
0.0836132465054983	0.11577791311716697	0.8006088403773353	3
0.06972854631953324	0.19161242598254302	0.7386590276979231	3
0.08191452467936829	0.06954357858835664	0.848541896732275	3
0.0642163788750804	0.3021193010617588	0.6336643200631606	3
0.08057855008264121	0.5356995641556047	0.38372188576175453	2
0.2555672896138184	0.4948244340958858	0.24960827629029558	2
0.06251815838769563	0.0662602638460573	0.871221577766247	3
0.0855432584725544	0.08519541093920698	0.8292613305882385	3
0.19326510156479984	0.19050532298507783	0.6162295754501225	3
0.08653503709026122	0.7555192533465176	0.1579457095632215	2
0.058730024660665264	0.08899211720379309	0.8522778581355418	3
0.05980762671920949	0.1943341577616443	0.7458582155191457	3
0.49100645458439013	0.15654336129974125	0.3524501841158684	1
0.06701859380611554	0.17232682705786942	0.760654579136015	3
0.09010029416410821	0.0912785335414552	0.8186211722944364	3
0.05597985531153702	0.14719110509382158	0.7968290395946415	3
0.062265414467116	0.11358777058259363	0.8241468149502899	3
0.053520329871821655	0.07001973437758383	0.8764599357505948	3
0.10742911823769681	0.12984823091240355	0.7627226508498994	3
0.06591398578484789	0.058553675698876755	0.8755323385162758	3
0.06759068807683281	0.05635706370753781	0.87605224821563	3
0.0892061865024099	0.22494450932817225	0.6858493041694179	3
0.05454365575396544	0.16370996618483938	0.7817463780611952	3
0.09239437535647878	0.09448078528694348	0.8131248393565776	3
0.05525302875075048	0.2566323284933966	0.6881146427558532	3
0.08005624410516064	0.8015015849761317	0.11844217091870747	2
0.07808772437807628	0.7738514980775218	0.14806077754440192	2
0.14591534289435282	0.12593227821475236	0.7281523788908953	3
0.09247008353339192	0.1542319335200636	0.7532979829465446	3
0.16251930241691576	0.4062820833120538	0.4311986142710304	3
0.06945583857992019	0.10463668233523847	0.825907479084841	3
