0.001869672089684383	0.005217543376868099	0.9929127845334476	3
0.35745832703850605	0.39940993659228546	0.2431317363692083	2
0.0007583404904790669	0.006959170156089383	0.9922824893534314	3
0.018434600738427592	0.7133356897933073	0.2682297094682649	2
4.193490011368654e-05	0.0034451195028951122	0.996512945596991	3
0.006253265279121209	0.013079554264074724	0.980667180456804	3
2.121471615278426e-06	2.138053348870606e-06	0.9999957404750358	3
0.0024770040364210555	0.007680182364030542	0.9898428135995485	3
6.349942927093356e-09	7.595725493428094e-09	0.9999999860543316	3
0.001070933938030853	0.011422172275531554	0.9875068937864376	3
0.000269659150561693	0.007514428918212041	0.9922159119312265	3
0.00036079465743155977	0.01319407327324484	0.9864451320693234	3
3.3286346628166066e-06	3.868681349151196e-06	0.9999928026839882	3
2.797882321820552e-06	3.3540380726037677e-06	0.9999938480796056	3
0.054122803631397313	0.9094428703306354	0.0364343260379667	2
0.0007010889424785327	0.02985587007316651	0.9694430409843549	3
0.016089897842184352	0.05529538791615066	0.9286147142416651	3
7.356117487706364e-06	6.285630110284277e-06	0.9999863582524021	3
1.0959438862252996e-07	9.881117358070607e-08	0.9999997915944379	3
0.002031768437849107	0.11304336685735636	0.8849248647047943	3
0.023392984291221972	0.8604830977322546	0.1161239179765233	2
0.026796017790584287	0.03665621240468773	0.9365477698047279	3
0.000383266350561911	0.003980503718930294	0.995636229930508	3
0.0001037140999239287	0.0028481018012416533	0.9970481840988344	3
1.9205755971429493e-06	2.3048203810165045e-06	0.9999957746040219	3
0.00040486598571022494	0.02069995054486323	0.9788951834694267	3
0.007045727773579015	0.0594009333309304	0.9335533388954906	3
0.0032950092461108975	0.3569135486382012	0.6397914421156882	3
0.0009063220906285591	0.03027341668042238	0.9688202612289492	3
0.009383787996683839	0.22965931350656862	0.7609568984967472	3
0.002719934525409177	0.2655835604154848	0.7316965050591061	3
0.00222390436610017	0.029888166591637087	0.9678879290422627	3
0.006602226035035717	0.17698280844039074	0.8164149655245738	3
0.007302212096816625	0.38174951725683814	0.6109482706463453	3
0.019742828840186754	0.35342144686496135	0.6268357242948519	3
0.00047861718906651416	0.06345913286305467	0.9360622499478789	3
0.001521691535604027	0.03821139029347204	0.9602669181709239	3
0.0009389998736403706	0.004799070212279403	0.9942619299140802	3
0.009337065417998211	0.22125966189509677	0.7694032726869049	3
0.000796705710568116	0.0030375177674154237	0.9961657765220163	3
3.1866769618161523e-06	3.471241925872338e-06	0.9999933420811122	3
0.0004917939413749028	0.019259579635045404	0.9802486264235799	3
0.0005236994124254272	0.003858238188919725	0.9956180623986548	3
0.0005016681206856678	0.011965952508128026	0.9875323793711863	3
0.01321308044586297	0.4232063129613233	0.563580606592814	3
0.00021208884277591522	0.19173325363820137	0.8080546575190226	3
0.004948440515047267	0.01949844423561989	0.9755531152493327	3
9.835000710198329e-08	1.1085995676466438e-07	0.9999997907900361	3
0.00444411662524785	0.19018891820409026	0.8053669651706618	3
0.00016325536806654142	0.0046113042409142635	0.995225440391019	3
0.0014549006927995337	0.8612739908992632	0.13727110840793744	2
8.707142877437061e-07	1.038576140567368e-06	0.9999980907095718	3
0.010309413134144066	0.08571337149289311	0.9039772153729627	3
0.00028520013990734016	0.013766544606442978	0.9859482552536497	3
0.010421039870548487	0.6979130257627238	0.2916659343667274	2
0.010005917954933335	0.6330724200798592	0.3569216619652071	2
0.10646777583164209	0.7439491702001054	0.14958305396825256	2
0.00897213517987297	0.1354122126971437	0.8556156521229833	3
0.14408559606745133	0.010160645846931191	0.8457537580856174	3
0.0007543828522904684	0.019220651994703544	0.9800249651530063	3
0.0027613727579446634	0.23966387144683438	0.7575747557952209	3
0.0010809062413725187	0.002179244754002645	0.9967398490046249	3
0.017954393963457414	0.7236244787529746	0.2584211272835679	2
0.0034117749917749888	0.48374230702437965	0.5128459179838455	3
0.0036801501580175215	0.2931039047370693	0.7032159451049133	3
0.023207656061232113	0.2931535260811565	0.6836388178576114	3
0.0019580961022434176	0.09395741878858406	0.9040844851091725	3
2.1280979786309393e-06	2.528630341603892e-06	0.9999953432716797	3
0.0006335009486010337	0.2827377991147686	0.7166286999366305	3
0.01731237192966649	0.14934309789081893	0.8333445301795145	3
0.7830325051827989	0.1278873768415702	0.0890801179756309	1
8.68885478260436e-07	6.286564326474945e-07	0.9999985024580892	3
0.15532147959167353	0.22825643259244108	0.6164220878158854	3
0.0008009304536862689	0.004064355102892579	0.995134714443421	3
5.702269384916284e-05	0.0020647595354415633	0.9978782177707096	3
0.024515356747088303	0.01895065900453474	0.9565339842483769	3
0.0014620822508226543	0.039467511859635554	0.9590704058895417	3
0.008535416472424113	0.0167693975307672	0.9746951859968084	3
0.0010104952855346915	0.006739527845638298	0.992249976868827	3
0.025444129507986704	0.2505964677128005	0.7239594027792128	3
0.20956573112399945	0.4510833448607904	0.33935092401520994	2
0.0032080160842507736	0.03421195586282251	0.9625800280529264	3
0.00015046732482371092	0.19704097000734544	0.8028085626678308	3
0.002447629919242365	0.029808934626296357	0.9677434354544615	3
0.0004684293387972471	0.013007691336608873	0.986523879324594	3
0.20556748201229633	0.12645662455934034	0.667975893428363	3
0.0006278488003174223	0.011964739541735285	0.9874074116579471	3
0.04752010883226296	0.3887764932816673	0.5637033978860697	3
0.0002556460499117881	0.0017121636966876486	0.9980321902534007	3
0.003014004426291674	0.033748575256360935	0.9632374203173473	3
0.006422842466764151	0.060432009799752745	0.933145147733483	3
0.004383721971601999	0.42364298352876856	0.5719732944996294	3
0.004886781559502357	0.029952078957002398	0.9651611394834954	3
0.007761119141454989	0.0921528199003802	0.9000860609581651	3
0.02679383342669291	0.7877499869988256	0.18545617957448135	2
0.0018903808587773007	0.16361309724793952	0.8344965218932832	3
1.4519299040689707e-05	0.002225672814065872	0.9977598078868934	3
1.928992625280767e-06	2.3055625871378e-06	0.9999957654447875	3
0.01612863989940094	0.553546071370925	0.43032528872967357	2
0.001391235066133241	0.07413593327351199	0.9244728316603545	3
0.10803110687155003	0.8385397590228553	0.053429134105594814	2
0.01708717300363044	0.2403179343063022	0.7425948926900673	3
0.05495157039656782	0.13090071623646837	0.8141477133669635	3
0.002287656595563603	0.005622935030930842	0.9920894083735057	3
0.0010527417839777953	0.04111215746328229	0.9578351007527399	3
0.0026679799611359235	0.13015156378243686	0.8671804562564273	3
0.005384161388293439	0.008780400047373044	0.9858354385643333	3
0.0072851734315211095	0.016224480774163188	0.976490345794316	3
0.13205082148319647	0.23287916043887624	0.6350700180779273	3
0.0023035086951378536	0.033960015044668765	0.9637364762601937	3
0.007926702302559702	0.017652358474589597	0.9744209392228508	3
0.03335183229948385	0.938913902132217	0.027734265568299304	2
0.15741634574326804	0.48234378208783546	0.36023987216889625	2
0.001618189701233338	0.007872061384692264	0.9905097489140744	3
0.00010224344693716554	0.0025746133102211247	0.9973231432428418	3
0.0010526093504558077	0.032765308040894434	0.9661820826086496	3
0.021153315716322292	0.45457271607055055	0.5242739682131269	3
0.01806587859437563	0.5318606784859021	0.4500734429197223	2
1.7237694604128863e-06	2.00578014517206e-06	0.9999962704503944	3
0.004329527080058081	0.02939452144796287	0.9662759514719792	3
1.2441510843430936e-05	0.0017609316309211078	0.9982266268582356	3
1.1662390427022158e-09	1.3966207739619596e-09	0.9999999974371402	3
0.0254687202049462	0.12931276375664216	0.8452185160384117	3
0.001094627497529994	0.08526850118543101	0.9136368713170389	3
0.1193469449408421	0.1657126181550373	0.7149404369041207	3
0.0001638226645366956	0.004145220554572915	0.9956909567808904	3
0.0009649930963823494	0.023524866109546298	0.9755101407940715	3
0.00044816575713474475	0.005586606701059481	0.9939652275418058	3
5.535603120841645e-08	6.575635247711122e-08	0.9999998788876163	3
0.12345623006675945	0.6663913620645808	0.21015240786866013	2
0.021917472993998932	0.5245410131046156	0.4535415139013852	2
0.00033261429948126743	0.02383681945404723	0.9758305662464715	3
0.0024074335052874205	0.015518045929898668	0.9820745205648138	3
2.2702598234357792e-07	2.6982299049929465e-07	0.9999995031510273	3
0.004745119658083887	0.018868984930901524	0.9763858954110145	3
9.741653639768503e-06	0.0022123262772515808	0.9977779320691085	3
0.002726554762810136	0.6589254775857348	0.3383479676514551	2
0.0008816985567844905	0.004639598981102647	0.9944787024621129	3
0.00042327352505707627	0.006165339753245666	0.9934113867216973	3
0.00017923593134946234	0.004587409381015208	0.9952333546876354	3
0.002737788120984154	0.2132979799562809	0.783964231922735	3
2.161267017831018e-06	2.5210227902436642e-06	0.9999953177101919	3
0.0013306681724082447	0.013987134306659987	0.9846821975209318	3
3.3212434270973675e-07	3.7795068972214745e-07	0.9999992899249676	3
0.06165775856639676	0.03295874690071264	0.9053834945328907	3
0.00019892628567138576	0.04824196851219447	0.9515591052021342	3
0.002406227907882243	0.06215537563645771	0.93543839645566	3
2.8344274857559056e-07	2.960484524438885e-07	0.9999994205087991	3
7.267257455147714e-07	5.90618705422469e-07	0.9999986826555491	3
0.0010598489637755238	0.042139199076400964	0.9568009519598233	3
1.655822463876808e-07	1.9843441547989532e-07	0.9999996359833381	3
0.0004705105507786132	0.0801947752633022	0.9193347141859193	3
0.05211581529459698	0.19453080260092054	0.7533533821044824	3
0.07440097136161482	0.05656065947867843	0.8690383691597069	3
0.0002387943741848829	0.3498201948531713	0.649941010772644	3
1.0121923687685192e-06	1.1973931535483272e-06	0.9999977904144777	3
0.0008954828694351757	0.03422226137923642	0.9648822557513282	3
0.0008208199595995945	0.0028645249297669312	0.9963146551106337	3
0.006350201151722155	0.013136097359687678	0.9805137014885901	3
0.00013924083418038257	0.002298068998911329	0.997562690166908	3
0.04674986894195145	0.35405654960436284	0.599193581453686	3
8.903418882027256e-05	0.002919057126813342	0.9969919086843666	3
0.00012321408220182363	0.0027236076733247955	0.9971531782444735	3
0.0007683228576148027	0.006034616418636172	0.993197060723749	3
3.2946898258823477e-06	3.9590915396693575e-06	0.9999927462186344	3
0.022539595473700807	0.1932318199186396	0.7842285846076593	3
0.0009135881425105859	0.0712479869898644	0.9278384248676249	3
0.0009479289133587628	0.03324727056629948	0.9658048005203418	3
0.00731682330145657	0.047585631352750714	0.9450975453457927	3
0.00019900452945837322	0.05301882318050304	0.9467821722900386	3
0.00025988212958045283	0.00289683684287609	0.9968432810275436	3
5.8148384597392846e-05	0.007008899921841045	0.9929329516935617	3
7.19985799210981e-07	8.488902383969567e-07	0.9999984311239625	3
0.11562600892665986	0.8113914870400697	0.07298250403327072	2
1.121061362013848e-07	1.3367595096403296e-07	0.9999997542179129	3
6.272809796470863e-07	7.478563707694247e-07	0.9999986248626496	3
3.3351129822314064e-06	3.460873611412038e-06	0.9999932040134063	3
0.0019237938483212221	0.001999063236638518	0.9960771429150401	3
0.003833134233439093	0.1661373162261951	0.830029549540366	3
8.651956529380657e-08	9.578026603935582e-08	0.9999998177001687	3
0.008862197869938273	0.13975400278238415	0.8513837993476778	3
0.004558645662270556	0.02164868475263385	0.9737926695850956	3
0.036915030114124926	0.4291005685308264	0.5339844013550485	3
0.001821093594830717	0.03261089148512059	0.9655680149200487	3
0.10451506041509767	0.8084269883722264	0.08705795121267593	2
1.6300953228420065e-06	1.8999454315960551e-06	0.9999964699592455	3
0.0007454746665095837	0.919571206419353	0.07968331891413723	2
0.00017706271820896	0.003259814640381329	0.9965631226414094	3
0.00036301235796430556	0.05619016570933513	0.9434468219327004	3
0.00012913538189573338	0.01579132588413067	0.9840795387339736	3
0.00025667408179121944	0.0017164125111164194	0.9980269134070923	3
0.01161789824767888	0.15512294142496466	0.8332591603273565	3
0.00022463927865561405	0.06203339980340707	0.9377419609179374	3
0.00036821077005765176	0.08978803765029857	0.9098437515796437	3
0.13805683359938495	0.0914978253839784	0.7704453410166365	3
5.014628441834153e-05	0.004722758338564623	0.995227095377017	3
0.016917858587174643	0.041600808578598776	0.9414813328342267	3
6.811917457222399e-08	8.129092177557325e-08	0.9999998505899036	3
0.00021470994842041468	0.004985861013932783	0.9947994290376466	3
0.0001871469374287867	0.0037889047272341393	0.9960239483353373	3
1.4147228333450184e-06	1.6114962100310643e-06	0.9999969737809566	3
0.05942938104443498	0.076887159588734	0.863683459366831	3
2.1542036623003037e-06	2.590276687653055e-06	0.9999952555196501	3
0.040823695341593975	0.18965736645324838	0.7695189382051574	3
0.01900189875559453	0.015111542050941453	0.9658865591934639	3
0.001083446692872819	0.027145411896975436	0.9717711414101518	3
8.813169542481417e-09	1.0565198285456535e-08	0.9999999806216322	3
0.008908067015266074	0.4020764971649715	0.5890154358197619	3
0.0003975051673724454	0.006080019972139767	0.9935224748604878	3
4.935484885546685e-05	0.005874697578631288	0.9940759475725134	3
9.217613473398728e-12	1.1040623762603953e-11	0.9999999999797418	3
0.0013651251322479485	0.25193288021166277	0.7467019946560892	3
2.7484021203944123e-06	3.2067055107972516e-06	0.9999940448923688	3
2.4263440870229307e-07	2.890784211837827e-07	0.9999994682871701	3
0.004373327345689139	0.7966671759992777	0.19895949665503296	2
0.12384234703546253	0.343110351266233	0.5330473016983042	3
0.003684622694901563	0.031220795705950124	0.9650945815991486	3
0.006353428684543018	0.16213099596615624	0.8315155753493009	3
0.006926991747840673	0.04512557261437269	0.9479474356377864	3
1.0519081677494907e-06	1.2584576158776769e-06	0.9999976896342164	3
4.3343690379617516e-05	0.9928823767908328	0.0070742795187877855	2
0.00046747953569021476	0.21520030734568243	0.7843322131186272	3
0.0003305944608515409	0.0031630300762354275	0.996506375462913	3
0.00015139120180313284	0.001769011670378421	0.9980795971278187	3
0.0003117282662524485	0.003066556503523311	0.9966217152302244	3
0.00028063612803095163	0.055679772488946885	0.944039591383022	3
0.0005774683524900108	0.008821118563269954	0.9906014130842401	3
0.018383667956371228	0.045081320038550914	0.9365350120050777	3
0.013973781109511774	0.22910417043698944	0.7569220484534986	3
0.01407824003790487	0.05476127543181082	0.9311604845302842	3
2.442557798692435e-06	2.93591066315877e-06	0.9999946215315382	3
0.007183406507489487	0.12745648555899414	0.8653601079335166	3
1.136836397153187e-07	1.3626988151169828e-07	0.9999997500464788	3
0.0017292671870448259	0.030872763729054613	0.9673979690839006	3
0.0025051890817013684	0.05507804331767304	0.9424167676006256	3
6.568016216967111e-08	6.182823425418812e-08	0.9999998724916036	3
0.00028808410642015847	0.004690779648469716	0.9950211362451099	3
0.00936946598831956	0.4120969871568167	0.5785335468548636	3
0.004258697368146594	0.8405632580212453	0.15517804461060805	2
0.003069119972263998	0.00495071156953741	0.9919801684581985	3
0.019182497118453268	0.09591800377911465	0.8848994991024325	3
0.0008944048660408703	0.004158289439771498	0.9949473056941875	3
1.2420427070836762e-06	1.4379263588344282e-06	0.9999973200309341	3
0.0003730341246233522	0.002636423482869094	0.9969905423925076	3
0.0016072867764857586	0.012326034107625733	0.9860666791158884	3
2.7483274711848136e-05	0.00584049839328567	0.9941320183320024	3
0.008511985345699044	0.030279464085805088	0.9612085505684956	3
0.0017253600759750823	0.0065962110794225755	0.9916784288446023	3
0.0726884450369252	0.006242718008095688	0.9210688369549791	3
0.0017717787379840533	0.039905922041699377	0.9583222992203168	3
0.001588430259633659	0.03194624553625933	0.9664653242041069	3
0.014026955912928955	0.21574185607787522	0.7702311880091959	3
0.0010269543925517934	0.016142816556794233	0.9828302290506539	3
0.0007914752587918584	0.5472479636952103	0.4519605610459978	2
0.010218476460866415	0.6459251862398756	0.3438563372992581	2
0.0030054745891129886	0.0924972916259292	0.9044972337849578	3
0.0006856848412522256	0.006080815781167263	0.9932334993775804	3
0.0009410896896685432	0.009414736748414863	0.9896441735619165	3
0.0005354420737853683	0.02114431717094719	0.9783202407552676	3
9.052041681962563e-08	1.0798495163755081e-07	0.9999998014946315	3
0.06089029718869565	0.008468551430046796	0.9306411513812576	3
0.00042510535985082443	0.022960710460455024	0.9766141841796939	3
0.032196469123797464	0.015376097808259678	0.9524274330679428	3
0.006973012198336047	0.014312967072240114	0.9787140207294242	3
0.0034715985073660817	0.01730537471487436	0.9792230267777593	3
0.012603060452755388	0.6582635589895317	0.329133380557713	2
0.01838381744256061	0.6927284680821011	0.28888771447533823	2
0.0006206856920403652	0.0123807214226648	0.9869985928852949	3
0.0010740723398172229	0.04792051571477767	0.9510054119454052	3
0.14836147780784562	0.4854687808706152	0.36616974132153896	2
7.46594461253096e-08	7.109986538751149e-08	0.9999998542406885	3
0.008807806244279376	0.7209965639683213	0.2701956297873992	2
0.00552132799089942	0.1060267389056263	0.8884519331034743	3
0.000827583753198227	0.02187916267357547	0.9772932535732259	3
0.01742906460487267	0.8380776137474347	0.14449332164769255	2
1.1741304330315493e-08	1.4071537601497276e-08	0.999999974187158	3
0.0005370169565826526	0.0054076737431007155	0.9940553093003165	3
0.0009207245605908896	0.006479285730301541	0.9925999897091077	3
0.012979888831052631	0.06401391713340857	0.9230061940355387	3
0.0037764707387618183	0.1661017296556858	0.8301217996055522	3
0.007230648171863897	0.06201331535301655	0.9307560364751195	3
0.008392425768759742	0.1117810311808004	0.8798265430504398	3
0.00019280076189748767	0.018198917112021123	0.9816082821260816	3
0.026777372530952744	0.16990141772331238	0.8033212097457348	3
1.4777407659430948e-06	1.6260331259391804e-06	0.9999968962261081	3
0.0003741605672149091	0.4044191570911048	0.5952066823416804	3
0.0014036736352308807	0.005404234518429707	0.9931920918463393	3
0.002681312775421142	0.03166201646921936	0.9656566707553594	3
0.03648753122735455	0.07461272276785975	0.8888997460047857	3
2.193488289406722e-06	2.6322938557250115e-06	0.9999951742178549	3
0.004994523598026196	0.06998209396117847	0.9250233824407952	3
0.009750657943343805	0.8342125166916602	0.15603682536499602	2
0.06610511669217661	0.13349635761819512	0.8003985256896285	3
0.058050356825761575	0.12204038664684615	0.8199092565273923	3
0.008837484086471054	0.03988739094395782	0.9512751249695712	3
0.0006068500427899054	0.02589985931042407	0.9734932906467861	3
2.248427546394229e-07	1.3043835216314095e-07	0.9999996447188932	3
0.0003510884092961663	0.020006857630736372	0.9796420539599673	3
0.034308993522279285	0.9061858612758283	0.059505145201892366	2
0.0016709503703141637	0.0038884544326503747	0.9944405951970354	3
8.72970233526464e-07	9.307890213328666e-07	0.9999981962407452	3
0.0011943720570768213	0.5606630959904215	0.43814253195250163	2
1.8338469638643649e-06	2.188674338047616e-06	0.9999959774786982	3
0.006128490206087815	0.026542746873193315	0.9673287629207188	3
0.00017462946800768386	0.10877243513545942	0.8910529353965325	3
0.305965119066772	0.5490246520755494	0.1450102288576783	2
0.004937340034638128	0.029780400048957916	0.9652822599164039	3
3.914009939429116e-06	3.0252608150772485e-06	0.9999930607292455	3
0.0005812504384366264	0.00388395961716528	0.9955347899443981	3
0.0019813765330016254	0.010623198371825116	0.9873954250951733	3
0.00013710428414036825	0.004963468176871151	0.9948994275389884	3
0.01139816247610282	0.9597921972211862	0.028809640302710705	2
9.470961471368445e-05	0.002934308509425582	0.9969709818758606	3
0.00013563368764972223	0.012270124358036965	0.9875942419543133	3
0.0026176684905044813	0.0428420844927554	0.95454024701674	3
4.072575853321925e-10	4.80860398044617e-10	0.999999999111882	3
2.285279420732092e-06	2.7371647064281903e-06	0.9999949775558727	3
0.0011746954465144041	0.002062762970077962	0.9967625415834075	3
0.02383715772695577	0.0343355398586193	0.9418273024144248	3
0.0002760525869400313	0.004138054503583509	0.9955858929094764	3
0.0005369945769548398	0.018329744520777173	0.9811332609022679	3
0.000244299862553383	0.01747149818692864	0.9822842019505178	3
0.04804520325977811	0.44046983745179663	0.5114849592884253	3
1.3635013674737888e-07	1.6333446633937407e-07	0.9999997003153969	3
0.1470251930908138	0.08369707515155954	0.7692777317576265	3
0.0006603709490476739	0.01500131731572277	0.9843383117352296	3
5.434826348971448e-09	6.235257151016533e-09	0.9999999883299165	3
0.0012867925852282993	0.01323676868853044	0.9854764387262414	3
0.007478587499970661	0.0015639468531210487	0.9909574656469081	3
0.004496459270515663	0.290995403932083	0.7045081367974014	3
1.3573590898734808e-06	1.6076700230003175e-06	0.9999970349708871	3
0.09491491105556508	0.3663759497951699	0.5387091391492648	3
0.008597713657719741	0.013059429190292857	0.9783428571519874	3
0.000876139183470923	0.01693618873534898	0.9821876720811801	3
0.0008463941229474942	0.044877719757819824	0.9542758861192324	3
0.00016108633359120252	0.0022230737335309464	0.9976158399328777	3
0.00032001675602483156	0.0036577946481430317	0.9960221885958324	3
0.505658568290758	0.08069122739594664	0.41365020431329536	3
0.01987591481118152	0.6675190261198298	0.31260505906898833	2
0.04382110971570583	0.29098999723732577	0.6651888930469685	3
2.51253412855963e-07	3.010674304033621e-07	0.9999994476791567	3
0.0007336424789352913	0.05611231298455264	0.9431540445365117	3
0.00047076959465370644	0.004355908572570592	0.9951733218327761	3
0.028404434973869745	0.014799100796211502	0.956796464229919	3
0.0008118242202008599	0.24713436247753076	0.7520538133022683	3
0.00036728832569972913	0.019785072801808388	0.9798476388724919	3
0.0017133905806833406	0.049432502035771875	0.9488541073835448	3
0.003489312096789635	0.0907631774009969	0.9057475105022135	3
0.014935031798052292	0.11188338476565712	0.8731815834362905	3
0.00047155665385272244	0.021645332850213878	0.9778831104959336	3
0.003421658225640192	0.04712955121514634	0.9494487905592136	3
0.003984135355483249	0.3253727155858621	0.6706431490586547	3
0.024168509610108534	0.0071634903663316245	0.96866800002356	3
0.001345013590462178	0.026196603899736767	0.9724583825098011	3
0.00012118395879608235	0.009364399949128395	0.9905144160920756	3
3.5351133437211006e-07	4.174421022156114e-07	0.9999992290465635	3
0.001495010992808574	0.05746585732027586	0.9410391316869156	3
0.008291924314836656	0.022805907629535247	0.9689021680556282	3
0.01203695741359426	0.12446485381958032	0.8634981887668252	3
0.005310792426098571	0.2054027182316376	0.789286489342264	3
0.0036714093981463154	0.10905108075850668	0.8872775098433471	3
1.353658267904321e-06	8.571356262230232e-07	0.9999977892061059	3
0.00011475462070681424	0.002353322511323187	0.9975319228679701	3
0.0011876754974222505	0.01630742169530952	0.9825049028072684	3
0.013005132127483278	0.07754909373718881	0.909445774135328	3
0.00469886337742432	0.009725441472196348	0.9855756951503796	3
0.0020291665768464276	0.16561572525809315	0.8323551081650606	3
1.232118677961092e-06	1.4592647965337633e-06	0.9999973086165255	3
0.15742375512029777	0.3493324803109372	0.49324376456876484	3
0.015588756644189366	0.012536070134815527	0.971875173220995	3
0.002878704310071543	0.0308403369835333	0.9662809587063953	3
0.002183481387586931	0.005040275684494519	0.9927762429279186	3
0.0003898232268899948	0.02095302595197148	0.9786571508211388	3
2.019377564908998e-06	1.6654231302380468e-06	0.9999963151993049	3
0.003795376609753401	0.41657571920197634	0.5796289041882701	3
0.0005319747272900786	0.003674826485584553	0.9957931987871254	3
0.00039935111162406973	0.09199249439167108	0.9076081544967046	3
0.051927931832951836	0.3679654449860661	0.580106623180982	3
8.290740012268227e-05	0.0033954024890334752	0.9965216901108439	3
0.00017929457035790474	0.006425911811242024	0.9933947936184001	3
0.0005724399768771712	0.0025175064152886863	0.9969100536078342	3
0.0014860874717528047	0.013307076677895586	0.9852068358503518	3
0.00044959139716076456	0.024971491892825274	0.974578916710014	3
0.000597815772546993	0.011438164240971417	0.9879640199864818	3
0.0007591123932381327	0.01481907399075249	0.9844218136160093	3
0.0026964107696254886	0.004807889432522987	0.9924956997978517	3
0.0002034924140451817	0.018213733663715263	0.9815827739222395	3
0.00016606114045920057	0.003278570246257415	0.9965553686132831	3
0.004455008556232346	0.0187038422562231	0.9768411491875445	3
0.0023374884980243847	0.08080279421362033	0.9168597172883555	3
1.6797617962875616e-05	0.0017951671315099586	0.9981880352505272	3
0.006056649811067361	0.05289829753133006	0.9410450526576026	3
0.002415432656539233	0.02894862211086213	0.9686359452325989	3
0.006824417820648862	0.0777461140996898	0.9154294680796613	3
8.286318721787805e-05	0.0028778247729548566	0.9970393120398273	3
0.0019646643570570294	0.013251098876418559	0.9847842367665242	3
1.3860352854518323e-06	1.4239853755679822e-06	0.999997189979339	3
0.0004765564737318363	0.007015294251518885	0.9925081492747493	3
1.1020846073249769e-07	1.312834952310445e-07	0.999999758508044	3
0.001452350044260638	0.04309588552793511	0.9554517644278041	3
0.0007543748713107795	0.017355416512075346	0.9818902086166137	3
0.006617841959352357	0.02557906186336685	0.9678030961772804	3
0.000588196603738488	0.2953344074640099	0.7040773959322517	3
0.01563828086383717	0.0956742425357873	0.8886874766003754	3
7.756560770079906e-05	0.004638200487278143	0.9952842339050212	3
0.009763195202306812	0.02745705428456338	0.9627797505131297	3
0.00022375684934288663	0.01332663726781315	0.9864496058828438	3
0.01295109537721656	0.05106935295677275	0.9359795516660105	3
2.6906109305998338e-06	3.097476495166983e-06	0.9999942119125742	3
0.0027268865559920722	0.03999254663432374	0.9572805668096844	3
0.012644329979671753	0.0483067502774175	0.9390489197429109	3
0.010034490390496382	0.030272413369909247	0.9596930962395943	3
0.001211148948273601	0.005499886997223676	0.9932889640545027	3
0.020093576119496036	0.5138555343340986	0.46605088954640544	2
0.006457990775695496	0.008968399609835523	0.984573609614469	3
0.0023633500216720077	0.15514366323203613	0.8424929867462918	3
0.00013947255494586747	0.015836558425146446	0.9840239690199077	3
0.07569929504764784	0.1732397405714941	0.7510609643808581	3
0.0004848422069951604	0.0018595228214553382	0.9976556349715497	3
0.013844860304471244	0.010078726982675758	0.9760764127128531	3
0.03521233951623064	0.08883037189937394	0.8759572885843953	3
0.0039357210350179205	0.4015839044708516	0.5944803744941303	3
0.0008108518263891569	0.023190002980938814	0.9759991451926722	3
0.0011122589195552213	0.014814413873267143	0.9840733272071774	3
0.002900456252127052	0.0147869125505789	0.9823126311972942	3
0.0017695022430392919	0.027238682726619473	0.9709918150303412	3
0.08695934829901551	0.03347670268528898	0.8795639490156955	3
0.0005774001585071143	0.6391318666913813	0.36029073315011156	2
4.461730836456146e-06	4.644803320935189e-06	0.9999908934658426	3
1.1413585368314961e-08	1.3620216442774706e-08	0.9999999749661982	3
0.02205596404803541	0.002531783024234612	0.97541225292773	3
0.00015351266831779245	0.013704436878423208	0.986142050453259	3
0.0031534821622454996	0.05594704052386551	0.9408994773138892	3
0.043190374827647524	0.05621006206202455	0.9005995631103278	3
0.00023547594879592474	0.011586938936239561	0.9881775851149646	3
0.017454882582708848	0.19113251307727988	0.7914126043400113	3
0.000654133543400312	0.01855795212674847	0.9807879143298512	3
1.3898468265828394e-06	1.6670232325223969e-06	0.9999969431299409	3
0.0002899354476426751	0.0035558075020034313	0.9961542570503539	3
0.00027556787057958704	0.010395392944394087	0.9893290391850262	3
0.00021585095775392962	0.013623170652571516	0.9861609783896745	3
0.16902951891542473	0.4975639360186863	0.333406545065889	2
0.0032739753202368437	0.14154017094239082	0.8551858537373727	3
0.00022700668315038183	0.0039768660589725915	0.9957961272578768	3
0.0005171300981663911	0.2211971173883856	0.778285752513448	3
0.0003852071902107221	0.004201830633031808	0.9954129621767573	3
0.06756528435097928	0.17031773183466983	0.7621169838143508	3
0.0007013826984925294	0.0018801776118074593	0.9974184396897001	3
0.03245210056548241	0.36130272905565114	0.6062451703788665	3
0.011479320132302998	0.00823125009208324	0.9802894297756136	3
6.63397568190552e-05	0.008305063929261225	0.9916285963139198	3
0.005704781475165841	0.337843994259937	0.6564512242648972	3
0.2630131997665479	0.21450321980683895	0.522483580426613	3
0.0005601751428812746	0.01077251961465533	0.9886673052424634	3
0.014613813383004983	0.5112492609715438	0.4741369256454508	2
0.0044146168909139916	0.3306163487768174	0.6649690343322688	3
6.809017226556649e-07	7.553970545085902e-07	0.9999985637012229	3
0.01452996181979695	0.9339589052394979	0.05151113294070524	2
0.0003816673876351711	0.0040178438285571475	0.9956004887838076	3
0.06951796350825759	0.10327781505807519	0.8272042214336672	3
2.602801591245811e-05	0.003629225558694183	0.9963447464253933	3
0.47317257100930105	0.007919034665690095	0.5189083943250087	3
3.8738087174130307e-07	4.602385398492613e-07	0.9999991523805885	3
0.10391630551781016	0.36714947092865274	0.5289342235535373	3
4.792601660762995e-07	5.755402463179927e-07	0.9999989451995875	3
0.0002636956736836061	0.021582640287575713	0.9781536640387407	3
0.014349197880294772	0.03447062950087685	0.9511801726188284	3
1.889639830775287e-05	0.004332083226572389	0.9956490203751197	3
0.018817442305151606	0.22243738107197675	0.7587451766228718	3
0.0018602651059727885	0.1119607307447132	0.886179004149314	3
0.0013836510565135576	0.021541483034927554	0.977074865908559	3
7.327178086560365e-08	8.513287639158329e-08	0.9999998415953427	3
8.120486270370167e-06	6.159569011977693e-06	0.9999857199447177	3
2.0041948543180337e-06	2.401502420408836e-06	0.9999955943027253	3
0.002476545847295262	0.2207980158321774	0.7767254383205271	3
0.0018964749798143306	0.0431626566425441	0.9549408683776417	3
0.008238652099395786	0.01192556929726826	0.9798357786033365	3
1.7250666967565985e-07	2.065597896720061e-07	0.9999996209335407	3
0.0012599787811078693	0.14038271294165627	0.8583573082772357	3
0.00017977702857862416	0.012142630139334625	0.9876775928320868	3
0.00031714465404029035	0.002259183144817917	0.9974236722011418	3
0.0006373194260987523	0.02809421108478503	0.9712684694891162	3
2.8107555990238273e-06	3.347790771537717e-06	0.9999938414536295	3
0.0007944759902438048	0.009142837994845786	0.9900626860149104	3
0.0016654933800816334	0.4533801770419694	0.5449543295779489	3
0.0004547603289901091	0.0018099312993360359	0.9977353083716738	3
0.0008328642469424323	0.0075992776341400215	0.9915678581189173	3
0.0027720841434741342	0.013445660247378262	0.9837822556091477	3
0.002692722870283347	0.6351952170221905	0.36211206010752617	2
0.021901229934171155	0.025199010791003767	0.9528997592748251	3
0.0021648786026280354	0.07918838405090621	0.9186467373464655	3
0.0005005676117460489	0.05280408323183523	0.946695349156419	3
0.0007846843374374025	0.0065250130554729896	0.9926903026070893	3
0.0010658196271390254	0.020122292941147316	0.9788118874317135	3
3.0864416821407134e-06	3.398424143517968e-06	0.9999935151341743	3
0.019111358332103444	0.009215457051616478	0.9716731846162802	3
0.006462599506757413	0.002126502294152113	0.9914108981990903	3
0.00035497808609844417	0.009231636573863677	0.9904133853400378	3
0.16346301535630278	0.27661608279065186	0.5599209018530454	3
0.00116409337572562	0.006766382901981405	0.9920695237222928	3
0.02179670296941142	0.3596760506341108	0.6185272463964776	3
0.000831746219301513	0.0727624036979494	0.926405850082749	3
0.0020613505751250773	0.07899197354174753	0.9189466758831272	3
0.0013187429111371767	0.006201007979775479	0.9924802491090874	3
2.0341321307517557e-06	2.422996445582391e-06	0.9999955428714237	3
0.000326628479706856	0.006932902396237965	0.9927404691240551	3
3.489887013809656e-08	4.127902884192449e-08	0.9999999238221011	3
0.008295824804229756	0.6585472162472	0.33315695894857	2
0.00010761985398482318	0.014381253623015582	0.9855111265229995	3
0.0018895998207704653	0.12218102530305665	0.875929374876173	3
0.07933989190671693	0.5703303335947723	0.3503297744985106	2
0.019859921828386456	0.39818557361137097	0.5819545045602426	3
6.571426046201773e-05	0.009801282850499903	0.9901330028890379	3
0.00015882085243181594	0.002398541784847455	0.9974426373627207	3
0.0007911346655695756	0.0017530276074483927	0.9974558377269822	3
0.10648510065381991	0.5289187372269425	0.36459616211923784	2
0.001405376091438044	0.009826421349021555	0.9887682025595405	3
0.00026328998194134463	0.0021069337295594056	0.9976297762884992	3
0.20345892000071097	0.08358531590163121	0.7129557640976579	3
0.01153681991512229	0.02212386547140719	0.9663393146134707	3
0.002832628176514583	0.045191027086330327	0.9519763447371551	3
0.0013609680662720143	0.05070477951917287	0.9479342524145552	3
4.3725275804417064e-05	0.0016984407251093114	0.9982578339990866	3
0.0026153889766110513	0.0069848052844735655	0.9903998057389154	3
0.007907454196216935	0.14155562447805628	0.8505369213257267	3
0.0006214122479216649	0.0028208174270679892	0.9965577703250104	3
0.00023543105346408763	0.0027203574094250677	0.9970442115371106	3
0.0001038802273296867	0.012952611931734486	0.9869435078409359	3
0.001850306224377955	0.02163835755616707	0.976511336219455	3
0.00013768733760178488	0.0017781592524200001	0.9980841534099782	3
0.18052851604055167	0.29445848200807945	0.5250130019513688	3
0.00024488949980692765	0.004160878037313195	0.9955942324628798	3
0.007623737260965545	0.07784813242899365	0.914528130310041	3
0.009277213393284323	0.4368460487505704	0.5538767378561452	3
0.0009850057681701952	0.010949684438781646	0.9880653097930482	3
1.425865161523908e-07	1.6900568866552906e-07	0.9999996884077952	3
0.01059607749339717	0.5467688126290572	0.44263510987754534	2
0.009480957040196188	0.14663487135343276	0.8438841716063712	3
2.2782992984742166e-09	2.5812983234475826e-09	0.9999999951404024	3
0.004524683833480717	0.024438673671390018	0.9710366424951292	3
0.0035215378596240056	0.009842828291265326	0.9866356338491106	3
0.0034426443351153048	0.15468230586874707	0.8418750497961376	3
0.02393358984957634	0.09955209327520693	0.8765143168752166	3
0.017466062449254832	0.7443914827914436	0.23814245475930124	2
0.0005170889285906151	0.005139159305405743	0.9943437517660036	3
0.011233507402157145	0.02990390885410873	0.9588625837437339	3
0.0002583485403389885	0.011240566095093104	0.9885010853645677	3
0.00022553440743060764	0.005506289891476201	0.9942681757010932	3
0.017941593078123638	0.16608136678379637	0.8159770401380801	3
0.015417829563257959	0.014692656993965245	0.9698895134427769	3
0.0030523341609282224	0.006767046358371952	0.9901806194806999	3
0.04523815734238172	0.10305943979684816	0.85170240286077	3
0.0018407659000811375	0.179096493821368	0.819062740278551	3
0.0001282664625728248	0.007722012205423149	0.992149721332004	3
0.0031600994149083004	0.06279375225463292	0.9340461483304587	3
0.0009991415538643735	0.003095193298962481	0.995905665147173	3
0.038763521644699525	0.11502427681395044	0.8462122015413502	3
0.04061288612222184	0.018692854137898302	0.9406942597398799	3
0.011677895830130859	0.01310245864885374	0.9752196455210157	3
0.001971920969714066	0.04599319822015788	0.952034880810128	3
0.00039953690408464664	0.002823774211189417	0.996776688884726	3
9.342022677608745e-05	0.010134078569469924	0.989772501203754	3
0.0013084383884084734	0.0047748760108465215	0.9939166856007449	3
7.380427288123764e-05	0.0032703041602698464	0.9966558915668489	3
0.0007753856533125668	0.003568884761700898	0.9956557295849866	3
0.02294336836590493	0.6390632101470419	0.3379934214870532	2
0.0020293724833200175	0.02128218282852047	0.9766884446881594	3
0.0019034065850975206	0.07730286795008379	0.9207937254648186	3
0.0017982454250623605	0.035483173865631976	0.9627185807093057	3
0.0043572709923592225	0.021312655698566607	0.9743300733090742	3
0.12777158144762443	0.07557005466676169	0.7966583638856137	3
0.10583828221391198	0.49282956409241535	0.4013321536936725	2
0.0006327716079529789	0.012189714993553058	0.9871775133984939	3
0.027090003594158328	0.023291703321283826	0.9496182930845578	3
0.0008195141052166435	0.014899049357924713	0.9842814365368584	3
0.005225459602843225	0.569031159574019	0.42574338082313806	2
0.039648927624809004	0.622760531201999	0.3375905411731918	2
0.036710810965846684	0.3233558891807422	0.6399332998534112	3
0.013610060734346716	0.006752113880055259	0.979637825385598	3
0.17655282700247374	0.2668001617315464	0.5566470112659799	3
0.00022244819182547928	0.00830126486688012	0.9914762869412945	3
0.001476870668370042	0.014728314257291772	0.9837948150743383	3
0.243597942872905	0.24149450988976487	0.5149075472373299	3
0.002483545277564687	0.2967558815898784	0.700760573132557	3
0.0005669137461887465	0.013901066634683346	0.9855320196191281	3
0.00026946762236470465	0.004015587530512056	0.9957149448471231	3
0.009866595605098356	0.1077607308978858	0.8823726734970158	3
0.00011638503555308462	0.002030374330641876	0.9978532406338049	3
0.0008634612175128432	0.03361126535711702	0.9655252734253703	3
0.05432866939443957	0.0399860942700083	0.905685236335552	3
0.0016900651064623473	0.03660498593133197	0.9617049489622059	3
0.00020591214882033829	0.003862288950164005	0.9959317989010156	3
2.6533439348079868e-05	0.0018487988529159454	0.9981246677077361	3
0.0008466720674860134	0.006213659073642734	0.9929396688588711	3
0.0006785904079009883	0.035586457969964194	0.9637349516221345	3
0.020188759569653693	0.02747543599784345	0.9523358044325027	3
0.0005973178870949535	0.001851060891188803	0.9975516212217164	3
0.0010900567743384463	0.025658673839371232	0.9732512693862903	3
1.7402289503518766e-06	2.077975130236052e-06	0.9999961817959195	3
0.0002266863356714577	0.07965545266716731	0.9201178609971612	3
0.005255970854204162	0.12046867700225128	0.8742753521435445	3
0.010857023977844786	0.07002952491490701	0.919113451107248	3
0.019264105360988854	0.7153113576003428	0.26542453703866786	2
0.004083688836710418	0.25285071960087296	0.7430655915624167	3
0.0019487982614888103	0.017844227732348134	0.980206974006163	3
0.0024998725332675124	0.01672736354189718	0.9807727639248351	3
0.0077544219280280165	0.06006632097498855	0.9321792570969833	3
0.24616274107145422	0.1449688194105579	0.608868439517988	3
0.006292516943163588	0.013707791170146635	0.9799996918866898	3
0.05432579907877322	0.9297287047432184	0.01594549617800837	2
3.2024713350331865e-06	3.7668161888544923e-06	0.999993030712476	3
0.06192652304876554	0.3545124255648598	0.5835610513863742	3
0.0035850043850550618	0.005571244915258668	0.9908437506996863	3
3.195845273418434e-06	3.724805219881247e-06	0.9999930793495067	3
0.002549736663406709	0.22230338064841831	0.7751468826881752	3
0.01584815676613031	0.1304113646365765	0.853740478597293	3
0.004858572468960353	0.006501795461998569	0.9886396320690412	3
0.0007167561380412464	0.02494620858394637	0.9743370352780122	3
0.0010710372866184251	0.01770277406890558	0.9812261886444762	3
0.004359369733240259	0.05869123741923091	0.936949392847529	3
3.269780548146106e-09	3.901260383885591e-09	0.9999999928289591	3
0.00012934276257588222	0.08630372505541802	0.9135669321820059	3
1.0742901743126341e-05	0.002054456111966495	0.9979348009862902	3
0.001410938460182435	0.014186162159403642	0.984402899380414	3
0.0006253632812673666	0.11045169846639907	0.8889229382523336	3
0.0007911491195777187	0.010085433942406342	0.989123416938016	3
0.0001298515552684547	0.00981901015012973	0.9900511382946017	3
0.0005637926196898057	0.02111178873388775	0.9783244186464226	3
0.11748539943963489	0.1850608750025785	0.6974537255577866	3
2.778670619769977e-07	3.3240840925531944e-07	0.9999993897245287	3
0.004025034484212703	0.05868702564693774	0.9372879398688495	3
0.015303203854680175	0.12849213750657512	0.8562046586387447	3
0.00626890331408579	0.016347179954167568	0.977383916731747	3
0.0025207416549045273	0.031726084398635265	0.9657531739464604	3
