4.049634409438979e-08	7.619195347978694e-06	0.9999923403083003	3
0.01568180308134533	0.9377698943726188	0.04654830254602802	2
1.329679363604878e-09	2.4261393792252944e-06	0.9999975725309487	3
6.238400338833063e-07	0.8725181144371751	0.12748126172278446	3
7.353691672673557e-08	0.0008726786237784796	0.9991272478393186	3
0.0014583140516971835	0.0038243641111198184	0.9947173218371775	3
1.5673359056323937e-06	5.443395532019442e-05	0.999943998708764	3
1.0757220788387741e-05	0.00010596422135846498	0.9998832785578529	3
7.478640025763679e-10	2.6015879474797063e-05	0.9999739833726476	3
2.2679001731862044e-05	0.011541460784356543	0.9884358602139162	3
0.00015592048105186692	0.0052324812683896245	0.9946115982505609	3
6.830928952932329e-05	0.105137588697337	0.8947941020131198	3
3.323198829553265e-06	0.001057645657879623	0.9989390311432818	3
7.503642308436642e-10	0.00015031854029868874	0.9998496807093297	3
0.000145385111705692	0.9998410710068127	1.3543881476798694e-05	2
1.1589386314807033e-05	0.004734173146458608	0.9952542374672231	3
1.0787838549112895e-06	0.0004184888978222882	0.9995804323183352	3
0.00026770515451294457	0.0005381900175530232	0.9991941048279225	3
4.880434165779828e-06	1.5146781935535847e-05	0.9999799727839085	3
4.842230096345928e-05	0.014125391987699404	0.9858261857113452	3
0.000341114755894843	0.9154616078399451	0.08419727740415069	2
0.0013786232396180366	0.009689402472514845	0.9889319742878694	3
7.229472283828876e-05	0.006060631377435908	0.9938670738997161	3
6.256795465062424e-06	0.0053442679438958215	0.9946494752606292	3
1.0832665748687229e-07	0.0008809212767944561	0.9991189703965556	3
8.894841427203136e-07	0.0016912974157422636	0.9983078131001242	3
0.000998737411273272	0.06181576492485052	0.9371854976638782	3
0.0002547974814675395	0.9645539713277328	0.03519123119080217	2
1.4940465730390926e-05	0.008027438538776275	0.9919576209954922	3
5.540558108768867e-06	0.027896029085877547	0.972098430356002	3
0.021192570291741267	0.5716253172261258	0.4071821124821445	2
1.0656495584531136e-07	0.001473416644036789	0.9985264767909958	3
9.042147254750774e-06	0.0016590836967815708	0.9983318741559738	3
6.0227728118749536e-05	0.9414868736971711	0.05845289857472148	2
6.309407234254731e-06	0.053805491350301576	0.9461881992424551	2
0.0020809812274731284	0.11555410193885682	0.8823649168336688	3
3.7949136973783226e-05	0.0488664260084013	0.951095624854638	3
1.9589439480887667e-07	0.0017494785667615902	0.9982503255388403	3
0.002304157688399514	0.5429557805628661	0.45474006174873083	3
2.858122098681519e-07	5.809896481345032e-05	0.9999416152229874	3
1.2191061283042902e-07	1.2657921942258748e-05	0.9999872201674479	3
2.4862532123316995e-05	0.0017341074045716805	0.9982410300633044	3
4.3793863275109116e-08	4.575191172714827e-06	0.9999953810149501	3
0.00011531288067079684	0.007645585103457519	0.9922391020158778	3
0.00044719720795213596	0.04374133167730982	0.9558114711147511	3
0.00019161723913576663	0.07327297338920451	0.9265354093716666	3
0.00012099353641172019	0.015793911897957143	0.9840850945656305	3
2.101803526242381e-08	5.4637845783753235e-06	0.9999945151973927	3
9.682252799349242e-05	0.013103511999460613	0.98679966547256	3
1.2087956049138828e-08	2.9302463240413255e-05	0.9999706854488015	3
4.812722280617358e-07	0.40522771704623084	0.5947718016815455	2
2.1011200730934284e-09	4.466845095194366e-05	0.999955329447929	3
8.564037661809341e-05	0.021314849423148086	0.9785995102002226	3
5.00427449154212e-07	0.0002935592764501579	0.9997059402961136	3
0.005216304313125337	0.29885034803348653	0.695933347653396	3
0.00020453593534518717	0.1364873158206049	0.8633081482440489	3
0.0021977780619446274	0.9134436561248342	0.08435856581321634	2
0.0004917002998573183	0.23084285720845818	0.7686654424916762	3
0.7153953220764847	0.035078558156445235	0.24952611976707353	1
0.0012911218869043686	0.022946101945928613	0.9757627761671722	3
0.005485251473300245	0.13753958772546204	0.856975160801224	3
1.0537920419626665e-05	4.448992799128505e-05	0.999944972151588	3
0.00868307999006362	0.07184313168041062	0.9194737883295361	3
9.43370307011951e-05	0.2604468127070191	0.7394588502622762	2
0.0015756063012830944	0.32894726637970606	0.6694771273190211	3
0.0007562878726924786	0.1517223383691719	0.8475213737581343	3
1.198750932381195e-05	0.02377233013384385	0.9762156823568371	3
4.5038189846443297e-07	0.00012844210746069406	0.9998711075106405	3
8.773128902612772e-07	0.03801663041315341	0.961982492273965	3
1.977271082261502e-05	0.002377112318716569	0.997603114970458	3
0.6135150975123871	0.3799481607583691	0.006536741729253847	1
3.4247792535833645e-05	7.594920345229836e-05	0.9998898030040169	3
0.00033668556179481627	0.10830421569027114	0.8913590987479223	3
0.00021408082712773166	0.0009597074441747654	0.9988262117286842	3
1.0719448107236345e-08	0.0001437516048818762	0.9998562376756643	3
0.003576471569220104	0.01759458002075049	0.9788289484100365	3
9.54373522660482e-10	0.0007735020091642559	0.9992264970364596	3
0.0013987399027829146	0.012957391382241275	0.9856438687149842	3
8.231549894072438e-05	0.026445389738198776	0.9734722947628606	3
0.03542281363207636	0.03482468326085628	0.9297525031070571	3
0.02031271724577349	0.24916234457677008	0.7305249381774458	3
2.208011768747483e-05	0.0034466963098886824	0.9965312235724192	3
4.592302818917854e-06	0.16457494438081208	0.8354204633163804	3
4.123224873593688e-05	0.004937698439353191	0.9950210693119128	3
1.3463649787536414e-06	0.00040277687486774035	0.9995958767601559	3
0.055921835274866195	0.03747843519523181	0.906599729529913	1
2.80063799161499e-06	0.02353298551199072	0.9764642138500292	3
3.2792023637615877e-06	0.21770417589313176	0.7822925449045043	2
1.7935856123718496e-06	0.00026490837041534884	0.9997332980439795	3
0.0008294113003805339	0.040315390776671685	0.9588551979229478	3
0.02329834955758793	0.20490659097065422	0.7717950594717485	3
0.005922013743770766	0.7888175590601747	0.2052604271960594	2
0.00019904228744333587	0.004328980076169597	0.9954719776363806	3
0.0005371300906619075	0.051704010922230204	0.9477588589871097	3
0.0025340605513925916	0.9602192505514218	0.03724668889718412	2
5.875914069940769e-06	0.014899887933126287	0.9850942361528088	3
2.483003887257663e-07	0.008828951702848914	0.9911707999967552	3
9.38809285618848e-06	0.0002138892254978014	0.999776722681634	3
0.03262169244156085	0.7194170314184491	0.2479612761399893	2
7.859685236942412e-05	0.32054443163070434	0.6793769715169176	2
0.02319160826395794	0.9740739996402716	0.0027343920957733922	2
0.008145735933344733	0.09039011538157737	0.9014641486850868	3
0.0018739792919494768	0.024542510686919178	0.973583510021139	3
1.748582632637147e-05	0.0003413120731950264	0.9996412021004729	3
6.283183550243542e-06	0.0036370671510507434	0.9963566496654096	3
3.672904342768101e-05	0.0068377747143398195	0.993125496242237	3
6.535145643251378e-05	0.005240409432095028	0.9946942391114615	3
7.264343172430035e-06	0.0015583812040228867	0.9984343544528036	3
0.10320654318880564	0.11625654032586678	0.7805369164853155	3
1.5687525948956487e-06	0.0003285685721418833	0.9996698626752605	3
5.274040741159868e-06	0.02109751615515136	0.9788972098041211	3
0.277901272394487	0.7123552834991626	0.009743444106359148	2
0.004387898611597495	0.7344001194646625	0.2612119819237282	2
0.008827295516180765	0.06299658561008085	0.9281761188737337	3
5.687319246569842e-08	0.01468939534744884	0.9853105477793608	3
2.247947034756089e-05	0.006807470368365097	0.9931700501612947	3
0.000593033337220339	0.5587298900422712	0.44067707662051575	2
0.0032448096934052173	0.9898239925992883	0.006931197707317324	2
1.7548369807950927e-06	0.002916432540399792	0.9970818126226128	3
0.00020150582476437335	0.0371571256249047	0.9626413685503213	3
5.276170310946178e-06	0.00017340953335147444	0.9998213142963395	3
4.633793427661868e-09	1.1127408101167235e-05	0.9999888679581114	3
7.605901969974592e-05	0.008885676515394094	0.9910382644649178	3
0.00017086049852292422	0.0041402827555124064	0.9956888567459614	3
0.05678779532577158	0.26574801442327967	0.6774641902509393	3
1.6702246235211361e-06	0.001843474778682916	0.9981548549966839	3
1.769467448383967e-05	0.007923173347295344	0.9920591319782154	3
0.0021671676756464192	0.007904461601240465	0.9899283707231172	3
1.3175888127119218e-06	4.381382043921496e-05	0.9999548685907376	3
0.7310045818428398	0.17640680770935852	0.09258861044781243	2
1.93429500321252e-07	0.13743134325020095	0.8625684633202891	3
0.0007926523729977883	0.04613323691237987	0.953074110714615	3
4.224617164099048e-09	0.000607853487819503	0.9993921422875673	3
2.976051265689703e-07	0.00017652840993626388	0.9998231739849491	3
1.9511310056658857e-07	0.0012925018974328773	0.998707302989479	3
1.415218524597643e-06	0.0012120436757519317	0.9987865411057368	3
0.00027570073390205575	0.9460020102881089	0.053722288977987975	2
6.955379313210167e-07	0.002187219009184502	0.9978120854528978	3
4.714343593421986e-07	0.0002609250371239966	0.9997386035285112	3
2.966960880419361e-11	0.0006441779918461873	0.9993558219784902	3
0.00020423410984614737	0.14469651792375238	0.855099247966389	3
3.3867736736244e-10	3.951528189675001e-05	0.9999604843794329	3
0.0005063899786610695	0.000512264752150314	0.9989813452691969	3
1.3054413612233203e-06	9.050440658650254e-05	0.9999081901520543	3
0.011429852943982962	0.014211801998548889	0.9743583450574549	3
3.828861681971573e-05	0.11388305566812015	0.8860786557150564	3
0.0012702048672262954	0.22305535531119344	0.7756744398215845	3
1.0201061118736609e-05	0.0004873832646421168	0.9995024156742315	3
5.4151820167191145e-08	1.1169853659387168e-05	0.999988775994531	3
4.3160235322327285e-05	0.025416283779442814	0.9745405559852345	3
2.0890506883139186e-07	3.041503582312251e-05	0.9999693760591055	3
1.3658891856786441e-07	0.10693089084468901	0.8930689725664052	2
0.026662826572405308	0.5761348045684356	0.3972023688591655	2
2.5885985626448468e-06	0.005348179502668313	0.9946492318987631	3
2.480225163077641e-06	0.9891384372731714	0.010859082501669006	2
1.0604752524789222e-06	0.00015949942833848107	0.9998394400964231	3
8.262437509735494e-07	0.012111814711047945	0.987887359045196	3
1.0131580133929698e-08	0.00026144944074517687	0.9997385404276712	3
0.0052446945239169864	0.0006334858322352279	0.994121819643837	3
3.748732679503599e-05	0.001162951156316927	0.9987995615168841	3
0.015519853757846043	0.04240339035781607	0.9420767558843463	3
3.202896423122075e-07	0.000501899818613114	0.9994977798917537	3
1.0703832257550348e-06	0.00018863786693144044	0.9998102917498426	3
2.4317362307248857e-05	0.072326101328424	0.9276495813092621	3
3.470588171639473e-07	0.0024444843537448535	0.9975551685874242	3
0.0667663135564866	0.10286429335398482	0.8303693930895308	3
0.004408458778676758	0.1998237595872228	0.7957677816340871	3
1.9371241696951215e-05	0.02037949438976408	0.9796011343685361	3
9.507389727325482e-07	0.0016348593895179782	0.9983641898715114	3
0.0009519217242844573	0.10930971180212735	0.8897383664735932	2
1.9030224905820248e-05	0.0003548297868814009	0.9996261399882055	3
7.788812186775796e-06	0.01619993218527087	0.9837922790025404	3
4.539661167764474e-06	0.0004013504797532376	0.9995941098590878	3
0.6596698219486975	0.21620017613735068	0.12413000191395211	2
7.452094690585316e-07	0.004416558477191421	0.9955826963133334	3
8.595906574855753e-08	5.523436663877049e-05	0.9999446796742867	3
1.0315177235632146e-07	1.700192833689549e-05	0.9999828949199027	3
7.89114799805832e-05	0.0007529881103932208	0.999168100409622	3
0.0002923102405815526	0.14278901420469728	0.8569186755547072	3
2.7458393230838663e-07	3.970005959412867e-05	0.99996002535646	3
0.0006226218907693721	0.08308546619788902	0.9162919119113366	2
0.0019555085566794733	0.008877637601761086	0.98916685384156	3
0.0001101625573646584	0.14155058075810487	0.8583392566845172	3
3.0030923627505928e-05	0.027073438559398123	0.9728965305169659	3
0.009008141143992645	0.9792513359508831	0.01174052290513569	2
8.674602200245254e-06	0.0014557886920907735	0.9985355367056967	3
0.0002940895860142263	0.4053486658422585	0.5943572445717272	2
1.943753850316515e-06	7.793002897516512e-05	0.999920126217176	3
8.98037770224598e-05	0.04248986322661853	0.9574203329963582	3
1.8044960189824786e-06	0.0030952462452873484	0.9969029492587033	3
4.937262791314508e-07	7.246682475877998e-06	0.9999922595912387	3
0.00566304628677692	0.03380575640443654	0.9605311973087737	3
0.0003118770351902898	0.25663191153305986	0.7430562114317615	2
1.7404901888993248e-05	0.2979650463553669	0.7020175487427361	2
0.19381748329085716	0.05595681018084478	0.7502257065282847	3
0.00011557294094395091	0.03740961218113271	0.9624748148779234	3
2.1321201349353511e-07	0.00220507888384858	0.997794707904147	3
4.439233426071426e-07	4.623900724121627e-05	0.9999533170694057	3
7.552407138786847e-07	0.0002979373613448517	0.9997013073979539	3
9.05219268724027e-07	0.000570288541617693	0.9994288062391058	3
4.254585072905878e-07	7.449578073536527e-05	0.9999250787607609	3
0.0001775904576046085	0.011199750866892294	0.9886226586755121	3
8.499395895752263e-06	0.005615645860113576	0.994375854744004	3
0.002185899214590989	0.17506304938657016	0.8227510513988379	3
6.841807296145191e-05	0.039438616849799206	0.9604929650772347	3
1.328738829276556e-06	0.0006792415653518656	0.9993194296958211	3
1.7154097599886144e-09	0.0007284454751937152	0.9992715528094025	3
0.00043830845948630354	0.02404588796505455	0.975515803575465	2
0.0004482292656535868	0.029330616596006793	0.9702211541383335	3
5.29178206255641e-09	0.003920185667017719	0.9960798090412103	3
5.124102722315371e-07	2.4686097983047776e-05	0.9999748014917488	3
0.00014368023381652466	0.848557431494248	0.15129888827194637	2
1.294643849859474e-08	0.0004217006615361531	0.9995782863920192	3
4.952923837054889e-10	6.835296776614581e-05	0.9999316465369329	3
0.0002655377695990712	0.9242692456986257	0.07546521653177134	2
0.015314724305080863	0.1015752291559588	0.8831100465389641	3
6.844273524389273e-07	0.002255985630370112	0.9977433299422771	3
2.1876031810952742e-05	0.009305669508611237	0.9906724544595664	3
0.0001162088922187944	0.004169826581355664	0.9957139645264165	3
1.4470060995986393e-08	0.00045284024106825177	0.9995471452888623	3
0.0005915058717402855	0.9992272512751397	0.00018124285312193426	2
9.369342772433171e-07	0.21650290836917913	0.783496154696543	3
5.884904159533391e-05	0.009790624822583756	0.9901505261358288	3
2.654099791939541e-07	1.990277710794565e-05	0.999979831812903	3
0.0001286841503630137	0.009742296120044685	0.9901290197295838	3
1.0602297082859664e-06	0.1693124179466895	0.8306865218236069	3
0.002524218289057585	0.004745234752378203	0.9927305469585709	3
0.2435730676187976	0.035001014061745266	0.7214259183194687	3
0.007839612126368887	0.08092989135999137	0.9112304965136262	3
5.0258504416809264e-08	0.0017887068139871612	0.9982112429275048	3
1.0333343138663248e-05	0.001777250062136338	0.998212416594711	3
0.0028306417438432345	0.0360053149357684	0.9611640433203913	3
9.488019646640281e-07	0.00010691170725144406	0.99989213949079	3
0.001526194968679389	0.16424137606705125	0.8342324289642563	3
3.4965359521751624e-07	0.002630397432946755	0.9973692529134628	3
6.204954263441971e-06	0.00029205321120518514	0.9997017418345353	3
3.2220162253850545e-08	0.00014977649133297418	0.9998501912885078	3
0.024891181222880317	0.06117266511128326	0.9139361536658444	3
9.227983003271868e-05	0.8712354273187167	0.12867229285124904	2
2.4030932752025613e-09	4.969526993244685e-07	0.9999995006442187	3
0.0001062814653668596	0.08782333026579645	0.9120703882688381	3
8.076661958587716e-08	0.0011246541791172285	0.9988752650542759	3
2.3004136691556228e-06	0.0005698458532129023	0.999427853733107	3
1.6170236263783237e-07	0.00011916985471234931	0.9998806684429274	3
0.0001127927424714379	0.006599390230118017	0.9932878170274066	3
3.11836553370584e-05	0.02434133211892715	0.9756274842257423	3
1.5661850892258002e-08	0.002617231265269986	0.9973827530728855	3
0.00012019622722036054	0.003462562123398718	0.9964172416493815	3
0.00019705431163654513	0.0016628235556782897	0.998140122132688	3
0.0005890512496526012	0.08828146253010186	0.9111294862202455	3
7.88256111734574e-06	0.002268549183823739	0.9977235682550563	3
0.03519829788112628	0.0907087594117367	0.8740929427071481	1
2.6137606049031536e-06	0.031713922589870956	0.9682834636495335	3
0.0003701277493056039	0.44745253021173326	0.5521773420389549	2
0.0018847182674318148	0.10311760101962522	0.8949976807129447	2
0.0004548594097727896	0.17146855120104196	0.8280765893891838	2
0.00443305915364287	0.013734902702486031	0.9818320381438709	3
0.010437346153358458	0.007635606287235936	0.9819270475593962	3
9.67987175672278e-05	0.002963652920932296	0.9969395483614942	3
2.451168063227914e-08	2.6274360372262525e-05	0.9999737011279566	3
0.07572142574705164	0.002443030753652806	0.9218355434992968	3
9.249768035843562e-07	0.06967731020228003	0.9303217648209264	3
0.0046101087245101705	0.0302723574198057	0.9651175338556723	3
1.7345679460020146e-05	0.009606164889757674	0.990376489430791	3
6.551414460139815e-06	0.0037651637553104927	0.9962282848302373	3
0.01197326790068448	0.8771974008746042	0.11082933122471515	2
0.3680833869055014	0.3812529482060149	0.2506636648884718	2
6.428154150743147e-08	0.004083693174586814	0.9959162425438767	3
3.4187166373854018e-06	0.12922423426787377	0.8707723470154803	3
0.06904846906301776	0.9184728566744047	0.012478674262579417	2
0.00011309951858823972	0.0001799799152696002	0.9997069205661514	3
0.0006011702788526659	0.6099030242071993	0.38949580551393476	2
0.0009399528909050938	0.06926311307223006	0.9297969340368681	3
5.57425816761041e-06	0.07027570782865145	0.9297187179131761	3
0.004475448063745745	0.8602889732104524	0.13523557872580724	2
2.8448385044535334e-10	7.789578740665322e-06	0.9999922101367683	3
1.9740726569218817e-07	0.001195234221957268	0.998804568370768	3
4.415656691048344e-05	0.0007481908860504924	0.9992076525470519	3
6.501415702194641e-05	0.000772877483673428	0.9991621083593093	3
0.00745735286523174	0.13547750557072988	0.8570651415640329	3
0.008128995332217333	0.024000149237497007	0.9678708554302735	3
1.6551600508318698e-05	0.1087047808817289	0.891278667517751	2
2.0583975485095955e-05	0.049413474736954476	0.9505659412875477	3
0.002998226193776226	0.18830422488333487	0.8086975489228769	3
9.023463685964135e-08	0.00022988982104120415	0.9997700199443197	3
0.002007487923407677	0.23178377578455456	0.7662087362920423	2
8.55324918633693e-05	0.036647092173771045	0.9632673753343531	3
2.5957864112171713e-06	0.0001562576729965835	0.9998411465405939	3
0.0018603190041250166	0.010384259733158789	0.9877554212627222	3
3.8307526127996607e-07	0.0052374087208654045	0.994762208203871	3
4.035695927310108e-05	0.014480315044639458	0.9854793279960732	3
3.4279413105884415e-05	0.8125105233484946	0.18745519723838863	2
6.934817637302027e-05	0.0031640436840961903	0.9967666081395434	3
0.40496950456868336	0.04225355883547997	0.5527769365958479	1
7.350261920050833e-05	0.0051646620001465525	0.9947618353806548	3
3.5917574458256176e-06	0.012417811108028908	0.98757859713452	3
0.0005644929541890364	9.726264323897595e-05	0.9993382444025612	3
4.69108088909526e-05	0.006145355715627034	0.9938077334754877	3
0.00797001066306473	0.11337369032154139	0.8786562990153931	2
0.00017685063233400315	0.00011685968099802159	0.9997062896866655	3
0.0007837341542800625	0.00038976545816361445	0.9988265003875556	3
0.00012625171953959899	0.6074703121064539	0.3924034361740034	2
2.801604236477236e-10	8.233149815668702e-05	0.9999176682216717	3
0.001089588760438607	0.22782405318575638	0.7710863580538178	2
3.090372964036181e-06	0.006341265637129135	0.9936556439899185	3
0.09843808202576108	0.7605120520185554	0.14104986595568947	2
5.531600041712049e-06	0.39998658056263203	0.6000078878373138	3
9.563124205871078e-05	0.0014463513218887962	0.9984580174360452	3
2.1303509728966884e-07	0.0002580277041633465	0.9997417592607473	3
5.1531235366384746e-05	0.01137154084391615	0.9885769279207213	3
2.536083689695068e-05	0.0012373540429464242	0.9987372851201468	3
0.1783623323316423	0.8165794993493194	0.005058168319027431	2
0.0003714736500781492	0.009430761761556411	0.990197764588352	3
5.492373343782052e-06	0.008743455556655493	0.9912510520700141	3
0.000104026935821821	0.08256746722693827	0.9173285058372452	3
3.910716961916733e-06	0.00032669640978439415	0.9996693928732642	3
1.6515464417476739e-06	0.0010252829981540195	0.9989730654554031	3
9.810445342385009e-08	0.0005673094101954062	0.9994325924853436	3
7.0859696082674315e-06	0.009145753794511761	0.9908471602358802	3
1.2710699704456792e-06	0.00016741237421730623	0.9998313165558044	3
5.877734825913015e-05	0.0016789021391116472	0.998262320512624	3
6.981234034576983e-06	0.01593518567035447	0.9840578330956029	3
0.004543349720717149	0.07602355526734736	0.9194330950119409	3
2.359039588200183e-07	0.0003519650373960728	0.9996477990586383	3
0.0006078092558754997	0.01883481903150736	0.9805573717126128	3
2.2361256578111288e-05	0.0008362218691781205	0.9991414168742454	3
2.4360098153470643e-07	2.34078946594889e-05	0.9999763485043646	3
6.347336155736216e-08	0.016024562607824897	0.9839753739188154	3
0.0004364290012788947	0.0001404375263058591	0.9994231334724171	3
0.014018492170827155	0.2852264369465552	0.7007550708826227	2
8.160238845199166e-07	0.0001299153988203605	0.9998692685773013	3
0.10539990046832164	0.15100906763636407	0.7435910318953256	3
6.181393791116502e-07	0.0036313053290760507	0.9963680765315507	3
0.0002184616805838405	0.047199294409131114	0.9525822439102778	3
8.50672703617652e-06	0.04381101193537898	0.956180481337594	3
0.0032566885630970254	0.005447789029058156	0.9912955224078351	3
1.3880559349935164e-08	0.00331230464286962	0.9966876814765656	3
0.5464236761573006	0.42205711775620103	0.03151920608651141	1
3.354264025936625e-05	0.5443015686317562	0.45566488872797273	3
6.830124393373084e-05	0.0033429911654489814	0.9965887075906147	3
1.100114614016039e-07	0.00032876392932497823	0.9996711260592164	3
8.548900849373832e-06	0.0006735650234174983	0.999317886075743	3
0.0001591734420485803	0.003362347313634583	0.9964784792443128	3
9.945839174568261e-06	0.00011420911233929682	0.9998758450484887	3
1.7582040289962856e-05	0.020122296135440417	0.9798601218242643	3
5.20692525333469e-07	0.0003147947159914208	0.9996846845914965	3
0.01227575285649646	0.3699627201729024	0.6177615269706138	3
0.0005044245564954597	0.047584002080917086	0.951911573362588	3
0.021427945537891298	0.25194050553429437	0.7266315489278017	3
0.0014091777156058805	0.05864086912662802	0.9399499531577713	3
0.00029010138647268536	0.02325031265801541	0.9764595859555212	3
0.011617036528495515	0.37167731060608833	0.6167056528654233	3
0.00409764079839943	0.00982147265547399	0.9860808865461191	3
2.1994493793391246e-06	0.005554637419067522	0.9944431631315596	3
1.079424414584753e-06	0.002376634875015229	0.9976222857005812	3
1.4490902249752887e-06	0.000536188874942948	0.999462362034829	3
0.00011015409672646844	0.1729294931613913	0.8269603527418866	3
1.9046458607147015e-06	0.006658622841931094	0.9933394725122063	3
0.4034680400826955	0.4757560890211997	0.12077587089609644	1
7.2377607044649e-05	0.6703410366609704	0.32958658573197197	3
0.002650548613592439	0.02841674759495912	0.9689327037914529	3
8.033192272881809e-05	0.0009589084829287857	0.9989607595943432	3
0.0010404067868902487	0.031853482587859513	0.9671061106252634	3
9.785106601364218e-09	0.024219645664576062	0.975780344550305	3
2.3975260773042055e-06	0.000577873498328107	0.9994197289755948	3
7.155995229300062e-08	0.0003959266645400209	0.9996040017755099	3
0.0005630782609250443	0.17852205057209747	0.8209148711669831	3
8.434332006011878e-05	0.011861783138061497	0.9880538735418681	3
0.5840496600538989	0.39129844886080406	0.02465189108528339	1
9.526493893096133e-08	1.4092338118627113e-05	0.9999858123969468	3
0.0003098823875122409	0.05063311727170236	0.9490570003407772	3
6.028085163866619e-06	0.004962022399132208	0.9950319495157158	3
3.112349271535466e-06	0.0011712695336960493	0.9988256181170275	3
1.0006024991152129e-06	4.9909979775308085e-05	0.9999490894177118	3
0.046693626203534906	0.30156484096604386	0.6517415328304275	2
2.6182775848832385e-06	0.0002100385140238578	0.999787343208387	3
1.3857934395727818e-05	0.0386475791934269	0.9613385628721733	3
0.18174588563862054	0.24701829755445656	0.5712358168069307	3
5.898479024414743e-06	0.000653349208420255	0.9993407523125531	3
2.1900073275741846e-08	0.0002638861008771728	0.9997360919990459	3
3.05706889479536e-05	0.004021131807080851	0.9959482975039736	3
1.5513274051916581e-09	2.424669911973882e-05	0.999975751749559	3
3.714535382076578e-10	0.02072951683046864	0.9792704827980918	3
7.142118858442292e-06	0.04768562929438158	0.9523072285867515	3
3.8716680819107574e-08	0.0011161077518295375	0.9988838535314977	3
2.2990424060456105e-07	7.824856342766874e-06	0.9999919452394116	3
0.0002011432795346316	0.06171067036827454	0.9380881863522038	3
4.1691364245100663e-07	0.004814076369843714	0.995185506716501	3
6.46196453175997e-07	0.0016365496575965908	0.9983628041459417	3
2.508094031725784e-06	0.006705307942015777	0.9932921839639418	3
1.5046180160062107e-06	0.0013808059834471227	0.9986176893985305	3
0.001074486832703393	0.00237839271680491	0.9965471204504998	3
0.00011909356016298573	0.04556369251597016	0.9543172139238675	3
1.4162007207634729e-06	0.00012356125902828144	0.9998750225402568	3
7.26638209582776e-08	0.0001185457224501511	0.9998813816137411	3
4.524178706132648e-06	0.00038032910526644784	0.9996151467160375	3
3.731869655574392e-05	0.0004356591338921122	0.9995270221695486	3
4.060429360449932e-08	0.00010466791827875344	0.999895291477429	3
7.484612189518243e-10	2.5976020685518755e-05	0.9999740232308421	3
0.0006690921415176217	0.00575154496129325	0.9935793628971951	3
8.846581753828844e-08	0.004440180826830778	0.9955597307073434	3
0.00017221053500627762	0.0009482292032323453	0.998879560261758	3
4.668312781272672e-07	0.020197926278631352	0.9798016068900839	3
0.008850790344236543	0.06607843305463612	0.9250707766011348	3
6.863508063358066e-05	0.041374834675237504	0.9585565302441345	3
3.0950060384710773e-07	0.0010917483691162163	0.9989079421302733	3
9.798659486140595e-06	0.0008353345180881238	0.9991548668224209	3
2.0984389400140322e-11	1.4449126968561951e-05	0.9999855508520424	3
1.2698380028615146e-08	0.00019952165346069804	0.9998004656481707	3
3.7722735594955434e-05	0.0017965540422463402	0.9981657232221639	3
8.314984904661171e-07	3.2070767584665774e-05	0.9999670977339292	3
2.3798788306976125e-05	0.032611749968003714	0.9673644512436861	3
0.01149651544825363	0.04298152528241993	0.9455219592693305	3
0.000591111052907439	0.1527191521618242	0.8466897367852578	3
5.2331798165942354e-05	0.0005605968328367501	0.9993870713689941	3
4.9176564483584905e-06	0.31910760212078865	0.6808874802227627	2
1.267775923577463e-05	0.032889811950207896	0.9670975102905633	3
0.04581622204076986	0.18966249648361166	0.7645212814756163	3
2.808385426756228e-07	9.285552609811767e-05	0.9999068636353691	3
0.0034293919063783196	0.0008577293742351955	0.9957128787193751	3
1.6088498954825113e-06	0.0015670004476664335	0.9984313907024259	3
3.7611687740932796e-05	0.8881467185640763	0.11181566974818755	2
2.7642226745088055e-05	0.0032239569942089075	0.9967484007790322	3
1.7226452428191941e-07	0.00026995261514683013	0.9997298751203283	3
1.1916591916670088e-05	0.0068579832457260495	0.9931301001623459	3
0.08719180927729432	0.10129331543554944	0.8115148752871492	3
0.045844541713785734	0.09295155563341972	0.8612039026528087	3
0.00245444765657753	0.26957758870503534	0.7279679636383966	3
2.199613894714474e-07	7.185240307013191e-05	0.999927927635545	3
2.3410058816983034e-07	2.9860436556164437e-05	0.9999699054628545	3
0.003404774552722327	0.0003330138304467342	0.9962622116168188	3
5.345811176127835e-06	0.013362752509966084	0.9866319016788545	3
0.026458856905757586	0.05343005895796898	0.9201110841362798	3
0.0059783282804271075	0.10533634417019079	0.8886853275493725	3
1.6760139896645943e-05	0.06441876496200637	0.9355644748981038	3
2.1991071226657197e-06	0.02686403791518657	0.9731337629776788	3
0.0004311899920981806	0.0004087602457532504	0.9991600497621463	3
1.848655217743781e-06	0.000461846936361819	0.9995363044084227	3
1.1050348819607387e-06	0.0005201093193494989	0.9994787856457782	3
4.746144852404478e-06	0.011669917264111037	0.9883253365910282	3
3.7979586352154e-06	0.0007696917307216058	0.9992265103106333	3
0.12203472232713398	0.43525634375579453	0.4427089339170649	2
3.562295072563086e-05	0.009315705436309862	0.990648671612971	3
7.563464658693325e-07	0.004873973294426739	0.9951252703591054	3
1.4965895757222713e-05	0.15021534568449255	0.8497696884197575	2
2.2302527459884378e-05	0.393784725648763	0.6061929718237669	3
0.0001494297299328281	0.11657593612978188	0.8832746341402959	2
4.7008099225278684e-08	0.0005290893440340551	0.9994708636478531	3
0.14004713345801584	0.2611461214688554	0.5988067450731324	3
0.00011901148150171522	0.0006736973743904402	0.9992072911441143	3
6.138010753422345e-07	0.004157825281686728	0.995841560917251	3
0.00016307172217979398	0.8568178929928691	0.14301903528495016	2
0.14892568205230863	0.7211744416503846	0.12989987629729904	1
0.002375491813337239	0.013029539753241936	0.984594968433434	3
1.628998381212841e-05	0.7058759946349001	0.2941077153812994	2
0.00265977885229027	0.0762744161748406	0.92106580497286	3
1.006704457752423e-06	8.234858910528057e-05	0.9999166447064496	3
0.009402183362334306	0.9905525253378623	4.52912998109147e-05	2
0.00013113955788713908	0.021174513944946405	0.9786943464971704	3
0.00027116924033004783	0.0018099145766688534	0.9979189161829983	3
1.3397891802631475e-05	0.007535619601179076	0.9924509825070196	3
0.07394424803701047	0.07256614284280882	0.8534896091201749	3
7.126519326983152e-07	0.00014495761597965753	0.999854329732085	3
0.03156035094289477	0.7557630403626652	0.21267660869442745	2
0.00011700283404582613	0.0013463140148877748	0.998536683151069	3
3.368388817208119e-06	0.0872024936802602	0.9127941379309247	3
0.0009812390046660578	0.02629962370913684	0.9727191372862113	3
1.1009261795081485e-06	0.011092886834571275	0.9889060122392356	3
0.0009151429102114151	0.4137281164043078	0.585356740685468	3
7.148769013698171e-06	0.047253612470013806	0.9527392387609864	3
0.00014355929555048247	0.004773532811886676	0.9950829078925623	3
2.932653436966123e-05	0.00018406950880861018	0.9997866039568263	3
2.088298241411288e-06	0.00018959647144640206	0.9998083152303026	3
6.2523751033586825e-06	0.000700487718440869	0.99929325990646	3
0.0005669403689735771	0.13860391803120384	0.8608291415998304	3
8.559445262283831e-07	0.00853654457419162	0.9914625994812706	3
0.00022125630868210852	0.024980009848019798	0.9747987338432917	3
2.715890762644611e-05	0.00040530088255865933	0.9995675402098063	3
0.0013020702791595843	0.3566948967555597	0.6420030329652872	3
1.6459784824606697e-05	0.005579037785345103	0.994404502429827	3
2.361746806797791e-06	0.0001437261226640533	0.9998539121305362	3
7.925204505342788e-08	0.006836954305728712	0.9931629664422148	3
3.4136800011941785e-09	0.0001705533756757358	0.9998294432106484	3
1.7854194765161514e-05	0.0016901002445639244	0.9982920455606731	3
8.417475234766961e-05	0.25037551295086974	0.7495403122967854	2
1.3157382277685732e-06	0.00019240268051930968	0.9998062815812481	3
1.1887762108146956e-06	0.0003052709595722571	0.9996935402642179	3
0.033273135214218236	0.022144086634402708	0.9445827781513789	3
0.005692962217352274	0.951968601222859	0.0423384365597878	2
0.011939771709042373	0.011753931083173373	0.9763062972077977	3
9.178792539062541e-06	0.002931652313877722	0.9970591688935809	3
2.1706520356466407e-05	0.013255813101242901	0.9867224803783874	3
0.00011318058945317317	0.0009620883204634459	0.99892473109008	3
0.00021995641596111385	0.0008072299978458037	0.9989728135861938	3
0.00035498104628592944	0.0018633685965607275	0.9977816503571478	3
0.023376035662742232	0.016730988779273627	0.9598929755579788	3
1.8430920130538397e-05	0.0018923929293365796	0.998089176150546	3
0.0003074517067285718	0.00405532937766703	0.9956372189156139	3
0.00033820261991142315	0.016701148512860434	0.9829606488672242	3
0.000776002817299748	0.03198445110766518	0.9672395460750293	3
4.4474433455844993e-07	0.0924161297604414	0.9075834254952159	3
1.0617710027315519e-05	0.03180059307482019	0.9681887892151517	3
7.27031974510034e-05	0.0017857136564718502	0.9981415831460804	3
3.874059848042544e-05	0.0018426666618797391	0.9981185927396369	3
5.607990824146497e-06	0.00026562760698169163	0.9997287644021982	3
5.5981718658040265e-06	0.018458746843403897	0.9815356549847349	3
1.1454515719483902e-07	5.0724353026604705e-05	0.9999491611018297	3
7.669589703010599e-06	0.7275242419380394	0.27246808847226245	2
1.1222384737128544e-05	0.03012057947791596	0.969868198137356	3
2.414312442557493e-06	0.0028171566193458085	0.997180429068202	3
0.12045345287386117	0.7313550261128907	0.14819152101325414	2
0.00048527007047176866	0.02246890778805639	0.9770458221414722	3
7.741371914197989e-06	0.017264768824508267	0.9827274898035804	3
9.981537002649013e-06	0.0003513296454743272	0.9996386888175215	3
5.794307483420931e-08	4.754243431610064e-05	0.9999523996226165	3
0.5256029726205435	0.43907084066019164	0.035326186719268585	1
7.387109724391486e-06	0.00043340926295897214	0.9995592036273119	3
0.0003574073275389858	0.0006075987602956449	0.9990349939121544	3
0.0012763105101978296	0.03395385328792615	0.9647698362018868	3
0.0007066712456858389	0.007176543062363781	0.9921167856919632	3
1.6520577406730874e-07	0.009181108720198495	0.9908187260740137	3
0.0011521299083344404	0.02083063482457536	0.9780172352671028	3
8.39352638673919e-09	0.0024316171656955828	0.9975683744407831	3
0.0010973051124993792	0.016891139978849588	0.9820115549086453	3
1.4776074470094395e-05	0.015298514496993277	0.9846867094285325	3
8.694061239523871e-08	0.0004404810263887703	0.9995594320330075	3
9.508901564255637e-06	0.00041080561249118893	0.9995796854859467	3
0.00010925629809632033	0.05535251812455387	0.944538225577338	3
4.661773432099451e-09	0.0001273952826195054	0.999872600055612	3
1.0080234335609104e-07	3.408690720589787e-05	0.9999658122904466	3
0.0005680585105114289	0.15317338225902116	0.8462585592304813	3
0.000424941613850772	0.006994041562093318	0.9925810168240623	3
1.6921269686035774e-05	0.0026732466547895357	0.9973098320755286	3
0.0030788794107552385	0.42225461983670043	0.5746665007525539	2
0.00017878628978949457	0.009369457888104107	0.9904517558220981	3
1.9552292200127415e-05	0.0006674782768384069	0.999312969430963	3
0.001329688012280609	0.5149201911165203	0.4837501208711902	3
1.1413535787822582e-05	0.04136294995139406	0.9586256365128257	3
7.695904859994324e-08	2.27927555968277e-05	0.9999771302853524	3
0.0021925267377155013	0.04417257373743731	0.9536348995248496	3
1.1354455075623481e-06	0.0001364193553895786	0.9998624451991125	3
0.002914445170315941	0.027736049832288487	0.9693495049974012	3
0.0007513412847246125	0.0035577900045333896	0.9956908687107521	3
0.008311800637420633	0.9556527892082898	0.03603541015429057	2
7.70467910765283e-06	0.0003541392028739567	0.9996381561180161	3
1.1077350101279025e-07	0.00046452803411673284	0.9995353611923922	3
3.871047996200224e-05	0.015230421221833731	0.984730868298191	3
1.362627613625281e-06	0.002415731710021627	0.9975829056623507	3
0.0002697952229187148	0.0688582621038472	0.9308719426732351	3
0.00018599504722109866	0.014460940500512184	0.9853530644522664	3
2.6244164160959005e-05	0.0015694615599756252	0.9984042942758773	3
0.0013752584807243142	0.25015724768525094	0.7484674938340204	2
0.0002473999943552929	0.006350877810803726	0.9934017221948461	3
0.00013724313685381138	0.0016492138090733646	0.9982135430540597	3
0.00011345140308966575	0.02299834606147805	0.976888202535427	3
0.0024719803250062332	0.0010066711602141074	0.9965213485147932	3
0.0018908165290782862	0.0032385348812404816	0.9948706485896726	3
0.05969194825537233	0.026001130427895296	0.9143069213167411	3
4.011676025581236e-06	0.0007505956092443638	0.9992453927147213	3
3.235931876977003e-05	0.025975072763161768	0.9739925679180553	3
5.023373008375454e-06	7.623019654915008e-06	0.9999873536073256	3
6.531878782256219e-06	0.007955014499211509	0.9920384536220171	3
7.901035039924942e-07	0.0014487351684403806	0.9985504747280681	3
1.255770496595601e-06	0.0022170375636873163	0.9977817066658214	3
2.5292385495675944e-09	0.0005700179098552902	0.999429979560895	3
0.0007705011720684533	0.9516744749521169	0.047555023875808164	2
2.3040014383443572e-06	0.0011256615877220306	0.9988720344108476	3
4.456881184540212e-06	0.0009582094486283674	0.9990373336701991	3
0.0005132747385516133	0.006852773655741972	0.9926339516056963	3
2.77033155027261e-08	0.00016753377250583852	0.9998324385241892	3
0.0011755919398026816	0.007627487812482434	0.9911969202477018	3
0.016535538111031617	0.8672339965888511	0.11623046530011029	2
5.543954498421422e-06	0.009101904548866425	0.9908925514966395	3
0.004784120341520552	0.00047234996534701543	0.9947435296931391	3
1.4107400059391783e-07	6.254118958747945e-05	0.9999373177364177	3
0.000523377906306415	0.5344204772127066	0.4650561448809931	2
0.015390742092975397	0.4483009893255032	0.5363082685815278	2
0.022756001626255993	0.6787346940222062	0.29850930435154666	3
2.0742657040973667e-07	1.2309120605026907e-05	0.9999874834528295	3
0.10305373660389726	0.601862035263155	0.29508422813295176	2
1.3891418179452117e-05	0.03147120028539172	0.9685149082964252	3
6.35728632390573e-05	0.09812534271105193	0.9018110844257062	3
0.008080680945231206	0.05317543037069172	0.9387438886840814	2
0.0003758440794518556	0.9121785585919684	0.08744559732856981	2
2.6373806062875165e-06	0.0008660421616616226	0.9991313204577197	3
2.229066840515414e-05	0.002405520388058998	0.9975721889435336	3
0.0029668145893669783	0.550302818395474	0.44673036701516206	2
3.00114745038423e-06	0.0005551003991655807	0.9994418984533943	3
5.427348708292652e-09	0.0049925741084267125	0.9950074204642168	3
0.00016002685228322635	0.007262441560233038	0.9925775315874732	3
9.65019990596013e-05	0.010639283606037695	0.9892642143949067	3
1.813554897804027e-05	0.01465019631024149	0.9853316681407893	3
2.9229146697035195e-06	0.004003480389633304	0.9959935966956832	3
1.9336495917076304e-06	0.005288223702098093	0.99470984264831	3
0.0002235404507761979	0.03205466686052158	0.9677217926886944	3
0.30904541811022124	0.2015896414517926	0.48936494043798767	3
1.965610752540348e-06	7.389499568509577e-05	0.9999241393935616	3
1.1438630131481123e-06	0.0037584643277035986	0.99624039180928	3
9.70662756361738e-07	0.00011790165142001803	0.999881127685834	3
2.4112587873807707e-06	0.014345592238291854	0.9856519965029122	3
0.0003982572988780046	0.1676394295596467	0.8319623131414835	3
8.226441839549434e-05	0.022724041996806617	0.9771936935848012	3
0.0003061105417942491	0.8934698622068776	0.10622402725132561	2
0.0016303091751011661	0.28554924444077584	0.7128204463841177	2
9.354783643628172e-06	0.0015079545936544953	0.998482690622697	3
3.958784477524282e-08	8.962294375235596e-06	0.9999909981177828	3
0.00011215647479572395	0.05600730476889809	0.9438805387563171	3
0.022358311343820717	0.06528056921427428	0.9123611194418948	3
0.0024044544342914365	0.07742999054647155	0.9201655550192365	3
0.015839436745268273	0.9838585077997147	0.00030205545501952284	2
5.928628989397415e-07	7.215369520670596e-06	0.9999921917675912	3
0.015207005911658618	0.40359984184565556	0.5811931522426749	3
0.003569035516406965	0.007028156585274591	0.9894028078983136	3
4.245685244508128e-09	0.00047312481380024036	0.9995268709405107	3
0.00010381115964561564	0.21038286676744034	0.7895133220729064	3
0.0002253159018727167	0.043478603702972164	0.9562960803951562	3
2.4449315965486397e-06	0.00016317535762204525	0.9998343797107726	3
0.0018925568305573615	0.0795778631643817	0.918529580005051	3
1.955394252402818e-06	0.002732967110843551	0.9972650774948966	3
0.009990122367670775	0.02082835679547785	0.9691815208368398	3
5.563687100274211e-09	3.224996365753988e-05	0.9999677444726456	3
5.82072174491879e-06	0.006007054262466245	0.9939871250157756	3
0.0002677949032484358	0.006853398502548925	0.9928788065942102	3
0.0003823780151470138	0.009436964057261603	0.9901806579276011	3
9.435447667444728e-06	0.08275284572354372	0.9172377188287784	3
4.3941845078117346e-06	0.00023725774883983326	0.9997583480666432	3
