0.0009423335839262834	0.8017067045522308	0.19735096186384293	2
0.03528594024759799	0.36683039615482205	0.5978836635975798	3
0.007352740812007051	0.6442957875390676	0.34835147164892544	2
0.3484111627121124	0.1852938975451863	0.46629493974270136	3
0.8936322006400123	0.05791591046848249	0.04845188889150527	1
0.46534567200206356	0.5271618440530617	0.007492483944874786	2
0.0006311123836030038	0.4050337384785801	0.5943351491378169	3
0.7295465802279413	0.02492081501055085	0.24553260476150773	1
0.062012503041926244	0.93755887352489	0.000428623433183672	2
0.8970955301062274	0.049460896689289165	0.05344357320448337	1
0.0005883555469633276	0.8743820995347776	0.1250295449182589	2
0.13481239227192893	0.014755925395627206	0.8504316823324438	3
0.9165696032131251	0.01997661703252509	0.0634537797543497	1
0.0004858917225177862	0.5476991115345166	0.45181499674296566	2
0.029703845658219603	0.9423575030280359	0.027938651313744522	2
0.8544811943440144	0.14543992251217036	7.888314381529348e-05	1
0.1517153381395689	0.8279611025548754	0.020323559305555843	2
0.9087776772273216	0.06753830541868107	0.02368401735399734	1
0.0002502833536578684	0.7831563446775652	0.2165933719687768	2
0.030451372240730943	0.16449863558604805	0.805049992173221	3
0.010213997704036446	0.11153470641873432	0.8782512958772292	3
0.01265628706074059	0.9873075795413994	3.613339786004666e-05	2
0.05606541128836708	0.8810299311561572	0.06290465755547558	2
0.7329930921822396	0.2593275497708494	0.007679358046911143	1
0.0011874765701384803	0.38347687499163247	0.615335648438229	3
0.9651707019424052	0.010844507707558217	0.023984790350036613	1
0.0192643968787056	0.1744944333630516	0.8062411697582428	3
0.12677891818681042	0.02109146865148315	0.8521296131617064	3
0.038059557256535384	0.15366493702753264	0.808275505715932	3
0.001006811111953765	0.19337788813415405	0.8056153007538922	3
0.0016374793058795763	0.1661542510016368	0.8322082696924836	3
0.0007925081620533888	0.9851866841238739	0.014020807714072698	2
0.5770198591505653	0.35753082624483873	0.06544931460459597	1
0.26852542766611254	0.3733691250568546	0.35810544727703275	2
0.8697545802076517	0.12636542390815617	0.003879995884192284	1
0.014398799608040193	0.8410036250244262	0.1445975753675336	2
0.00038566657184613745	0.6945868238439562	0.3050275095841977	2
0.3963496666881616	0.5947955617641181	0.008854771547720318	2
0.004335968064062065	0.8613656226252583	0.1342984093106796	2
0.46428060444754604	0.4953685653211794	0.04035083023127455	2
0.009911833383111275	0.9886044841554243	0.0014836824614644164	2
0.008367058055628294	0.9887179669107039	0.0029149750336678504	2
0.0009513276448723323	0.5334735507249225	0.4655751216302051	2
0.01953774415131472	0.04271187715705603	0.9377503786916294	3
0.04231985181809824	0.8996907764389448	0.05798937174295693	2
0.96421609935522	0.029101833598735336	0.006682067046044718	1
0.13952849023036662	0.6450891524515646	0.21538235731806882	2
0.0007081825076847066	0.40107823987647806	0.5982135776158372	3
0.023723783782598287	0.6968657430914547	0.2794104731259472	2
0.6995632850988655	0.22137050029885982	0.07906621460227477	1
0.000693131226610235	0.6392495368839184	0.3600573318894714	2
0.02210841070409726	0.1478764215030635	0.8300151677928392	3
0.13960467601490492	0.742829917053125	0.11756540693197018	2
0.2861231903377036	0.7104177365746008	0.0034590730876955618	2
0.015630203190664358	0.98234590898249	0.0020238878268457145	2
0.006043939283355422	0.9825412922057356	0.011414768510909024	2
0.05942128066970421	0.9368139144496406	0.0037648048806551673	2
0.5769730531051203	0.421638673249758	0.0013882736451215874	1
0.957450794344756	0.033051069569092935	0.00949813608615086	1
0.1280952457904358	0.06546059898055977	0.8064441552290044	3
0.21278927486680135	0.7732874506325572	0.013923274500641384	2
0.956434948236646	0.0368954368597034	0.006669614903650594	1
0.0045783505183329114	0.20830039507940282	0.7871212544022643	3
0.11026141762018457	0.8419333359638197	0.047805246415995734	2
0.0030926551015355696	0.14912067081078292	0.8477866740876815	3
0.00013310657113319523	0.5672004915995581	0.43266640182930877	2
0.09998923851940547	0.838181416255504	0.06182934522509052	2
0.08901312456406196	0.9012045369182051	0.00978233851773296	2
0.006379144172183838	0.18818253861908976	0.8054383172087264	3
0.04115457148940626	0.9568850146717894	0.0019604138388042837	2
0.6125606135995151	0.3827994932909663	0.004639893109518608	1
0.05589981037635093	0.9290888438646835	0.015011345758965657	2
0.0011917170090429568	0.9329315674731916	0.06587671551776537	2
0.00901369422794306	0.48092413659488265	0.5100621691771744	3
0.008027745380744158	0.4805439111193686	0.5114283434998872	3
0.578486213323547	0.0016187657583020894	0.41989502091815084	1
0.9444205018249331	0.04531549231137936	0.0102640058636875	1
0.057770940087232575	0.939701236762914	0.002527823149853546	2
0.15429974022432444	0.8071273324956192	0.0385729272800562	2
0.954401301475544	0.04523933416419102	0.0003593643602649938	1
0.969160633602308	0.0073211937093015066	0.023518172688390418	1
0.9141067145970734	0.08457870687757574	0.0013145785253507393	1
0.038484907166992766	0.03736779693679476	0.9241472958962125	3
0.005634913876964682	0.04161863891653567	0.9527464472064997	3
0.006850513501231329	0.9183582859268649	0.07479120057190371	2
0.3160841970352861	0.006381102718709708	0.6775347002460042	3
0.9306689870395691	0.045592440779811	0.023738572180619803	1
0.9555025533314688	0.043905489412366765	0.0005919572561643092	1
0.6317929488689288	0.3650037107608535	0.0032033403702177075	1
0.3702356225651565	0.6225314316088203	0.007232945826023226	2
0.041600718904341985	0.9199709358995778	0.03842834519608022	2
0.016102543521242872	0.1898552745743766	0.7940421819043806	3
0.006891942539586227	0.6948339823032974	0.2982740751571164	2
0.00013999546141815622	0.3535646723843034	0.6462953321542785	3
0.01953169537901388	0.9157371019807473	0.06473120264023878	2
0.0011694901407862722	0.997577746898455	0.001252762960758723	2
0.04662090394311531	0.4893313421579309	0.4640477538989537	2
0.43731737617386546	0.06918387516534921	0.49349874866078536	3
0.08324384597559331	0.9116792832971019	0.005076870727304785	2
0.005971403891165254	0.9813238914571125	0.012704704651722272	2
0.04573855200280674	0.052657212082948116	0.9016042359142451	3
0.9588353320411604	0.00822961144421193	0.03293505651462766	1
0.0023139071331141864	0.6043656032862725	0.39332048958061316	2
0.983268710128022	0.011152615658872208	0.005578674213105837	1
0.3096156537869877	0.5668791610358246	0.12350518517718762	2
0.9859989998535128	0.011510170316754912	0.0024908298297322295	1
0.08402681372966296	0.09404211719908387	0.8219310690712531	3
0.9837310770703531	0.014528108104691455	0.0017408148249553727	1
0.0289772992643054	0.005405778048664986	0.9656169226870295	3
0.21542967535416865	0.7660652979126057	0.01850502673322561	2
0.11737090669088189	0.11150952474630918	0.7711195685628088	3
0.9216909592365158	0.07396036580989725	0.004348674953587148	1
0.8581163030224953	0.05361638905958805	0.08826730791791662	1
0.10865362566510194	0.06042549418619616	0.8309208801487019	3
0.5748995225536949	0.008944822106849232	0.41615565533945587	1
0.9216254843525203	0.04123921459489279	0.03713530105258685	1
0.025707504353465433	0.9687483695763947	0.005544126070139962	2
0.05623976571689374	0.07334701445678594	0.8704132198263204	3
0.0203388162864444	0.33227394820415695	0.6473872355093986	3
0.8613119898125654	0.13518533894429716	0.003502671243137323	1
0.7156610535554715	0.2391910476189475	0.04514789882558106	1
0.7075888813056648	0.2923725201697298	3.859852460540055e-05	1
0.3423878384976345	0.6283605227414142	0.029251638760951333	2
0.04771980974122161	0.0028966663360231867	0.9493835239227553	3
0.24503752580933652	0.06332042274990865	0.6916420514407549	3
0.0012844387519175863	0.9764104354082327	0.0223051258398497	2
0.0023925104211350765	0.6724076582706886	0.3251998313081763	2
0.0908541902420987	0.8886697836551883	0.02047602610271292	2
0.7912422678900316	0.20780434069553286	0.0009533914144356262	1
0.039869485229016434	0.34489720152486003	0.6152333132461236	3
0.8693318341219057	0.12691979636105308	0.0037483695170411713	1
0.4979697387795813	0.39107752679873636	0.11095273442168224	1
0.4841966914980488	0.4062758716156641	0.1095274368862871	1
0.032247352975751244	0.6731459635541092	0.29460668347013946	2
0.0015661375114315768	0.2097279228368921	0.7887059396516762	3
0.5944951054246825	0.05659576756505819	0.3489091270102592	1
0.36016260175822823	0.6206716547141317	0.019165743527640205	2
0.06741490941882551	0.16378199875703575	0.7688030918241388	3
0.003310680878761693	0.2804199711963607	0.7162693479248776	3
0.4038879654939023	0.5942842100453418	0.001827824460755994	2
0.12099940070663844	0.4219704569840518	0.45703014230930983	3
0.0006110032268714574	0.4681898064791384	0.5311991902939902	3
0.0729489505857901	0.20579560828019602	0.7212554411340139	3
0.19632807598101176	0.8032513334661084	0.00042059055287983315	2
0.06268967347396574	0.03037007369162512	0.906940252834409	3
0.8851178881794276	0.09445678011387042	0.020425331706702056	1
0.04131241268204905	0.005654799243831935	0.9530327880741191	3
0.009068682136534285	0.7519270418333169	0.23900427603014882	2
0.06452530364352194	0.8730937349702103	0.06238096138626783	2
0.7766015516990243	0.19381881466408415	0.02957963363689156	1
0.005366593162190628	0.20893525788615508	0.7856981489516544	3
0.9061373653821521	0.07860986462017382	0.015252769997674021	1
0.519506696228889	0.48038463493760036	0.00010866883351061523	1
0.002861088186913764	0.33427903241642953	0.6628598793966566	3
0.9477350366360113	0.05170727994641524	0.0005576834175734257	1
0.013753071474109913	0.04338852691434489	0.9428584016115452	3
0.7478629554405982	0.25141689048346266	0.0007201540759392239	1
0.9794420798082532	0.019765933107992777	0.0007919870837539956	1
0.021761329534319095	0.9476929254762122	0.030545744989468725	2
0.9360332060728274	0.058594367914848344	0.00537242601232448	1
0.4577131223884066	0.4578966769647863	0.08439020064680713	2
0.0007483734358917797	0.27802037455712864	0.7212312520069797	3
0.00475088578674626	0.9772744726738528	0.017974641539400975	2
0.9883758542805212	0.003760085536236506	0.007864060183242398	1
0.01074368756060328	0.5120536371647352	0.4772026752746616	2
0.0060035674046807755	0.7044558051681825	0.28954062742713665	2
0.27721247489118744	0.5391778875303138	0.1836096375784988	2
0.0033427895833462212	0.9966130735315668	4.4136885086944286e-05	2
0.035866796027178696	0.15479638965917256	0.8093368143136488	3
0.9246451729323998	0.0647953372052183	0.010559489862381798	1
0.007217953951113821	0.024570792562794205	0.9682112534860918	3
0.194998606805457	0.046755823508630195	0.7582455696859127	3
0.28071439443570495	0.7143747720426387	0.004910833521656502	2
0.09221171598696803	0.9075388834869271	0.00024940052610473236	2
0.8520474601636032	0.01507740462370514	0.13287513521269154	1
0.29316006428331404	0.0933542500286526	0.6134856856880333	3
0.006148180261511844	0.11494552511591072	0.8789062946225775	3
0.0043179423813212315	0.40292831416626634	0.5927537434524125	3
0.003336268448032739	0.16140423796774414	0.8352594935842231	3
0.972822010670763	0.025699999954066848	0.0014779893751700665	1
0.05386071271560778	0.24714190341483538	0.6989973838695569	3
0.0009970859996179216	0.20716390578882793	0.7918390082115541	3
0.001514967454959689	0.12460449414033978	0.8738805384047006	3
0.3257414244143716	0.6741464189253878	0.0001121566602405794	2
0.0014058440805373546	0.9749472881048754	0.023646867814587212	2
0.005359479466555368	0.2076423562727702	0.7869981642606745	3
0.7826726019037757	0.21619174932076934	0.001135648775454846	1
0.07003160397338758	0.6294350636178287	0.3005333324087837	2
0.05346015224544899	0.008788645026757759	0.9377512027277932	3
0.008159290929892697	0.9567703118846754	0.03507039718543194	2
0.0019673142203659225	0.06642283058861605	0.931609855191018	3
0.015345489212431599	0.9687006941404261	0.01595381664714229	2
0.04418140005543986	0.762729433560133	0.19308916638442722	2
0.2534947148022454	0.3895608356603005	0.35694444953745424	2
0.0318048621255049	0.11933521444580851	0.8488599234286867	3
0.09975968254386394	0.008587099530426122	0.8916532179257098	3
0.019366911165201804	0.025612536656949274	0.955020552177849	3
0.7147609289257708	0.28521314315486057	2.59279193687597e-05	1
0.8312999523534946	0.008621092662755259	0.16007895498375002	1
0.5172342814058056	0.4709093309645191	0.011856387629675148	1
0.013732293904841191	0.6603744439784486	0.3258932621167102	2
0.02317236819567667	0.9202807988500071	0.056546832954316235	2
0.0642356448908094	0.11232439918652325	0.8234399559226674	3
0.011551455523651378	0.9810190107676373	0.007429533708711273	2
0.00028632711661580513	0.5169384161129729	0.4827752567704114	2
0.009304672637689795	0.9065818517136619	0.08411347564864842	2
0.03838085626445311	0.42680837467266	0.5348107690628869	3
0.21130421891166318	0.5733443243489805	0.21535145673935624	2
0.004191497340922857	0.9918176837745686	0.003990818884508442	2
0.00021657060142025094	0.9689217080798679	0.030861721318711864	2
0.007068864246474671	0.9890230572503612	0.003908078503164058	2
0.012602119056056963	0.9635170600585189	0.02388082088542411	2
0.00033147349086902125	0.26006015598914856	0.7396083705199825	3
0.975824132573966	0.02203544131303983	0.002140426112993957	1
0.7849313791971884	0.18478609039783275	0.03028253040497891	1
0.05053253969169681	0.8847176929434166	0.06474976736488652	2
0.008491265340006375	0.3920665796294771	0.5994421550305166	3
0.3352980935799238	0.19250648927483444	0.47219541714524166	3
0.002661334958931081	0.9870230790317152	0.010315586009353743	2
0.009028987492746573	0.06035096699796111	0.9306200455092923	3
0.7793110006102499	0.20969203818118012	0.0109969612085699	1
0.01642353935868157	0.9822520879326452	0.0013243727086731897	2
0.9848579315444489	0.012363966245963002	0.0027781022095879856	1
0.9327386179583781	0.06687716714353496	0.0003842148980868431	1
0.4386228320740232	0.5596170404257592	0.0017601275002176113	2
0.8850019153187418	0.09942326539162448	0.015574819289633715	1
0.04284749424532546	0.8746169524116121	0.08253555334306246	2
0.22391546565844062	0.7395339356668331	0.036550598674726306	2
0.027146624218123482	0.9190562920420744	0.05379708373980207	2
0.0005105425693571507	0.9832570093281388	0.016232448102504054	2
0.004716101729789264	0.9409033649902584	0.054380533279952376	2
0.0018692322012786285	0.7875227427064927	0.21060802509222862	2
0.013293878417224294	0.10184918835190766	0.884856933230868	3
0.05345847560796523	0.9341902475724616	0.01235127681957307	2
0.0585822582717263	0.9174001075779491	0.024017634150324728	2
0.5294528131660696	0.44931126280727224	0.021235924026658096	1
0.005060013769953058	0.9780696017771856	0.016870384452861265	2
0.0434770999365796	0.9531861079179593	0.0033367921454610736	2
0.07947470962201461	0.7966366064616165	0.12388868391636881	2
0.016155394354714487	0.9699867931649117	0.013857812480373852	2
0.30063151358372675	0.3719214827222994	0.32744700369397367	2
0.8445792890648175	0.034449596492178984	0.12097111444300356	1
0.1055597030758471	0.7396868227781781	0.15475347414597487	2
0.0017377790912444112	0.24035224164316682	0.7579099792655888	3
0.20084626917130055	0.0035905578148618814	0.7955631730138377	3
0.0423448763132718	0.1557732082485422	0.801881915438186	3
0.6531675202846281	0.34539043696110483	0.0014420427542671237	1
0.011052769157976167	0.3597744875039666	0.6291727433380572	3
0.7702996324938501	0.2261441360596498	0.0035562314464999308	1
0.0005361769473566649	0.35480481558936405	0.6446590074632793	3
0.03837976195899009	0.4561052628891363	0.5055149751518736	3
0.006864285246850332	0.9843234868865554	0.0088122278665944	2
0.009821977721314663	0.94148629438066	0.0486917278980253	2
0.006636334059748431	0.8599400188120823	0.13342364712816931	2
0.09733650574344709	0.7185266696663031	0.18413682459024994	2
0.0010328088130608054	0.19874087998985762	0.8002263111970817	3
0.04725249328448427	0.7034990036267914	0.2492485030887243	2
0.06096094797593668	0.5675728908376125	0.3714661611864509	2
0.1290665950706751	0.004531082897112837	0.866402322032212	3
0.017198796471045125	0.9595163957151855	0.023284807813769338	2
0.7843268404700873	0.20778023251706446	0.007892927012848246	1
0.012388627687362855	0.9841243376241643	0.0034870346884728785	2
0.01682039043916816	0.05360081833721628	0.9295787912236156	3
0.0017677027818012309	0.7385411878197762	0.2596911093984227	2
0.15269624554626804	0.12063891833522075	0.7266648361185112	3
0.00607255386728249	0.0966722890725633	0.8972551570601541	3
0.9648929180440624	0.03248502635967325	0.0026220555962645216	1
0.028320329447959817	0.9621355316731266	0.009544138878913663	2
0.2018252535828408	0.4547019814523821	0.3434727649647771	2
0.970197980146802	0.028995554322739276	0.0008064655304584918	1
0.9769105590494395	0.010012230234879618	0.013077210715680816	1
0.8685310465512575	0.12887967145105453	0.002589281997688015	1
0.5057201523319058	0.4758666665828291	0.018413181085265126	1
0.06303378792495393	0.8140346454748415	0.12293156660020466	2
0.49659759962182926	0.48070532439605135	0.022697075982119407	1
0.013884533502340136	0.040943296677420755	0.9451721698202391	3
0.2797335807982118	0.4347772283814398	0.2854891908203485	2
0.8274119945669585	0.17181559982640793	0.0007724056066335784	1
0.034012107316943034	0.7464483710399823	0.21953952164307478	2
0.00544829228971065	0.10108801842300702	0.8934636892872824	3
0.06709540319288865	0.9245127588109362	0.008391837996175152	2
0.29040847019414306	0.2997390673764719	0.40985246242938494	3
0.045601544266361274	0.947557827824745	0.006840627908893759	2
0.5898041064576042	0.3385407092459261	0.07165518429646969	1
0.025336259477159978	0.9592893033996518	0.01537443712318825	2
0.9339291991935429	0.05850272658632299	0.007568074220134169	1
0.3458031354841908	0.6442762698278112	0.009920594687997986	2
0.09682726968844303	0.07188152508644212	0.8312912052251148	3
0.2505606765682456	0.6213657134795314	0.12807360995222292	2
0.2844700548991583	0.053603374456196784	0.6619265706446449	3
0.19156686683585247	0.17374230960594111	0.6346908235582064	3
0.4252850793529044	0.573806531879727	0.0009083887673686817	2
0.0010442547169829597	0.4160162640385132	0.5829394812445037	3
0.7277488081286737	0.1907227883598218	0.08152840351150438	1
0.9701675674825322	0.02588896527352749	0.003943467243940348	1
0.006627468640917034	0.9666227725397862	0.02674975881929679	2
0.004140120509115054	0.9880056276279262	0.007854251862958694	2
0.76084268269538	0.20424707243182902	0.034910244872790895	1
0.03307078083602498	0.9477449595035952	0.019184259660379736	2
0.03034258860804049	0.9470592143249098	0.022598197067049675	2
0.007852274307143449	0.08954386988292669	0.9026038558099299	3
0.10284566063930396	0.1411388519290869	0.7560154874316091	3
0.8120912785326099	0.18399073428779375	0.003917987179596373	1
0.16655228609260847	0.711142898334688	0.12230481557270353	2
0.04009546122052134	0.04734487187898047	0.9125596669004983	3
0.3173084089032799	0.04678342189136273	0.6359081692053574	3
0.07571304338910696	0.01637769673769316	0.9079092598731998	3
0.9756881530482819	0.018975943211460903	0.005335903740257137	1
0.010186108701945933	0.7896882814729266	0.20012560982512748	2
0.026370312531057313	0.17967892887895082	0.7939507585899919	3
0.9792328331770754	0.01978366966737163	0.0009834971555529553	1
0.015565315365909228	0.4053429619398862	0.5790917226942046	3
0.003171184268943127	0.9949153817876571	0.0019134339433998135	2
0.0035002387896942984	0.5801274554337816	0.416372305776524	2
0.9495500341066047	0.04809845653416947	0.0023515093592258902	1
0.04053297758465921	0.9590538359898942	0.00041318642544658737	2
0.003849490075853982	0.449606986691603	0.5465435232325432	3
0.05084486314972595	0.9469211724449269	0.002233964405347128	2
0.9438859978203006	0.055109504134397296	0.0010044980453022833	1
0.034999564339030315	0.9484237799263239	0.01657665573464573	2
0.9792165924544475	0.014115579490421432	0.006667828055131187	1
0.07422858490388612	0.06035926658814085	0.8654121485079731	3
0.9665676004502417	0.002269116939505819	0.03116328261025247	1
0.8773910674414152	0.12256663826616526	4.229429241946557e-05	1
0.1142153675943782	0.8815902524301406	0.00419437997548118	2
0.2525305314074975	0.7330078204616833	0.014461648130819243	2
0.00021099141194539777	0.3981442071768458	0.6016448014112088	3
0.45560675213483387	0.5439338199909567	0.00045942787420953743	2
0.02427777553205989	0.18384736574550034	0.7918748587224398	3
0.20272879296866755	0.7610306343353439	0.03624057269598849	2
0.012655683113639501	0.21750971902563937	0.7698345978607211	3
0.012787257373403707	0.19916698934389931	0.788045753282697	3
0.3977190138633738	0.048434046856096806	0.5538469392805294	3
0.016237370625826048	0.09489009218453649	0.8888725371896373	3
0.0034695954687450114	0.7524659196985464	0.24406448483270857	2
0.04208668132147519	0.8798885575178141	0.0780247611607106	2
0.0011967118262736752	0.9725355261871483	0.026267761986578084	2
0.018832359868277904	0.9702963567895374	0.010871283342184715	2
0.790992979603138	0.01332397801595227	0.19568304238090983	1
0.02267738396276514	0.9660179990780534	0.011304616959181392	2
0.048407855604083366	0.19754159256029505	0.7540505518356216	3
0.3292603120151938	0.29290496300239344	0.3778347249824128	3
0.00500310202464677	0.06209377721624382	0.9329031207591094	3
0.8013227580325495	0.011673809288743371	0.18700343267870714	1
0.1312757498809278	0.859358221837088	0.009366028281984204	2
0.5509007679244694	0.05763236934748996	0.39146686272804054	1
0.2785366676659725	0.543435368211812	0.17802796412221544	2
0.03939261758018317	0.8803964917610868	0.08021089065873004	2
0.003065908302131206	0.08350427259495849	0.9134298191029103	3
0.009147113517451936	0.073979132193778	0.91687375428877	3
0.8073032016469995	0.19268671386231442	1.0084490685951249e-05	1
0.022943810539632015	0.891003508106073	0.08605268135429496	2
0.13095193089115542	0.8498279820831962	0.019220087025648352	2
0.006626363456044989	0.9924303944893593	0.0009432420545956902	2
0.020669405010405102	0.8103816188832282	0.16894897610636656	2
0.974570750025855	0.01086674341889573	0.01456250655524926	1
0.2518889071902027	0.2615241094901761	0.4865869833196211	3
0.5223080709968512	0.4734504607589817	0.004241468244167234	1
0.5599275947082806	0.008092913658543335	0.43197949163317606	1
0.38599969245442434	0.6136703085429258	0.00032999900264981335	2
0.020342243076977434	0.9768138897827212	0.00284386714030141	2
0.5332167670270588	0.017456596567541057	0.44932663640540016	1
0.7424328232806391	0.257489096582001	7.808013736006217e-05	1
0.18372259955642742	0.0072417750198492115	0.8090356254237233	3
0.012505954250141947	0.9840004832781226	0.0034935624717353994	2
0.9776991389736809	0.01993830348180817	0.0023625575445110148	1
0.22974238173445105	0.759005017904274	0.011252600361274904	2
0.6454502877927268	0.33713564763852205	0.017414064568751105	1
0.01793026863410907	0.02235777881109167	0.9597119525547994	3
9.511762680297074e-05	0.3727112385941363	0.6271936437790607	3
0.18781987204268327	0.8081793559312951	0.004000772026021696	2
0.007496146941438474	0.12637335610370923	0.8661304969548523	3
0.5473927070195315	0.3398401084981495	0.112767184482319	1
0.01567021520704641	0.9788566670650614	0.005473117727892167	2
0.9535627105141761	0.034367144529485534	0.012070144956338322	1
0.8614984376766743	0.11666898333879486	0.021832578984530854	1
0.9653217947336584	0.02985382676473793	0.004824378501603792	1
0.8639583142745538	0.050167000484096745	0.08587468524134953	1
0.7165890525431298	0.2751976458894304	0.00821330156743972	1
0.8813518471101698	0.11736921639814363	0.001278936491686544	1
0.5897184726668189	0.4066922092319673	0.0035893181012137962	1
0.8445158036155955	0.1299384273455849	0.025545769038819527	1
0.03237338268167795	0.6888385869502989	0.27878803036802313	2
0.00011308736924931794	0.4299147294131448	0.5699721832176059	3
0.038260898365108285	0.8592273950529178	0.10251170658197384	2
0.5345820976806795	0.4547684530706808	0.01064944924863966	1
0.012030006603120112	0.9319609631829538	0.05600903021392615	2
0.3301625933328288	0.005141098036901699	0.6646963086302695	3
0.8092655225436568	0.18867347120211717	0.002061006254225924	1
0.08366348383589194	0.8890427868683348	0.02729372929577316	2
0.01198579268349521	0.14562098218766753	0.8423932251288372	3
0.8310492441938916	0.1688221559583584	0.00012859984774990488	1
0.9117773837785487	0.07014102136865684	0.018081594852794494	1
0.7074472822410309	0.27175507633168633	0.02079764142728276	1
0.31624169595041546	0.0435303576868471	0.6402279463627375	3
0.2365640584099368	0.02936624697524901	0.7340696946148142	3
0.9080063774794017	0.004553554379815541	0.08744006814078258	1
0.11770655096239939	0.8452371114589884	0.03705633757861222	2
0.0007948264870365266	0.44744408085937243	0.551761092653591	3
0.0013421056644046239	0.9925259999408134	0.0061318943947820306	2
0.12617743829251898	0.8039053415892995	0.06991722011818162	2
0.0030449604440337314	0.5194302536084571	0.4775247859475092	2
0.6855673840740396	0.3111068893563661	0.0033257265695942743	1
0.07557293383966839	0.8374051970294859	0.08702186913084574	2
0.003873546362926863	0.2698922728000451	0.7262341808370281	3
0.00021554438576592674	0.1844025231140848	0.8153819325001492	3
0.021967933726316214	0.5221535112029689	0.45587855507071473	2
0.9651874627281899	0.033153669206961625	0.0016588680648484972	1
0.20109061938977513	0.7962625838032289	0.0026467968069960168	2
0.028380842799343206	0.8566534270707871	0.11496573012986964	2
0.9750569246105154	0.024266339415446727	0.000676735974037941	1
0.8285053335537294	0.16997831617454184	0.0015163502717286399	1
0.7137933270676631	0.26738793193764315	0.018818740994693908	1
0.7472096754622893	0.08639725968263227	0.1663930648550785	1
0.005798024150741379	0.7423200686230774	0.25188190722618115	2
0.09363017587074789	0.8356432628311291	0.07072656129812295	2
0.10976791149990195	0.07000371197695456	0.8202283765231435	3
0.02409531316180278	0.9707892430800691	0.005115443758128147	2
0.024391534393832157	0.09020258435888222	0.8854058812472856	3
0.03741743959365149	0.6533681552754518	0.3092144051308967	2
0.97337714526618	0.011605972332293607	0.015016882401526424	1
0.9498349477915808	0.021747195371616783	0.02841785683680244	1
0.02305772005125982	0.19596346335906478	0.7809788165896754	3
0.9429465175041186	0.04928017591654347	0.007773306579337926	1
0.1377307852054475	0.0027252997962011805	0.8595439149983513	3
0.0005785583283220813	0.4762771920371684	0.5231442496345096	3
0.0007757762119409845	0.30609424420621584	0.6931299795818433	3
0.7625443655679626	0.2374001445797388	5.548985229852033e-05	1
0.46094257620728785	0.5384328342142615	0.000624589578450736	2
0.0007506762390699651	0.4340867035675656	0.5651626201933645	3
0.6113697000677681	0.38843209996799466	0.00019819996423703942	1
0.025980646870407742	0.02697504041728654	0.9470443127123057	3
0.7581326043644925	0.042375912782472894	0.1994914828530346	1
0.018038135705415275	0.20523570644488276	0.776726157849702	3
0.008340613741428816	0.3233884259144839	0.6682709603440873	3
0.011198201411531016	0.19540996622610113	0.7933918323623679	3
0.003992454594754549	0.9746458971956655	0.02136164820957997	2
0.13479043592019707	0.058551089763751896	0.806658474316051	3
0.01986888778503067	0.9156746166684642	0.06445649554650519	2
0.001123386193792364	0.3646964539748598	0.6341801598313479	3
0.939617661030315	0.0014885298033482305	0.05889380916633679	1
0.024876083426869974	0.9312123381773996	0.04391157839573048	2
0.6567521782669926	0.045038807447293785	0.2982090142857137	1
0.758935445646188	0.23137302208047997	0.009691532273331976	1
0.03828705428713899	0.869508800515858	0.0922041451970031	2
0.7499354851847311	0.2492545190427582	0.0008099957725107206	1
0.00876602971511351	0.03637872478934717	0.9548552454955394	3
0.0067635564831710765	0.027942907245213974	0.9652935362716148	3
0.006375710172130126	0.8433679882483185	0.15025630157955144	2
0.029797719402181753	0.9685371909941718	0.001665089603646435	2
0.6841123988492206	0.3158587185822444	2.8882568535043177e-05	1
0.0010614559828671715	0.9698260770153204	0.029112467001812314	2
0.042544572271115105	0.9404173396577792	0.01703808807110576	2
0.020125004837401626	0.8608644712114663	0.1190105239511322	2
0.6324733665804089	0.0021156450029346427	0.3654109884166565	1
0.009733956657708978	0.7380582103330696	0.25220783300922145	2
0.027805825450243758	0.010302497224917566	0.9618916773248386	3
0.004070599974986744	0.9920642716711773	0.0038651283538360674	2
0.4581030243539663	0.014386593953174594	0.527510381692859	3
0.030341352875314254	0.23878970922157583	0.7308689379031099	3
0.01297859279960737	0.9386770827115948	0.048344324488797795	2
0.0017618058692677441	0.35832779033154516	0.6399104037991871	3
8.450755234787056e-05	0.9844756503879778	0.015439842059674216	2
0.029185110360565425	0.5531760492367611	0.4176388404026734	2
0.38558659759153946	0.5834684377704001	0.03094496463806033	2
0.9067357930744334	0.04869721913696885	0.0445669877885978	1
0.00276914403917905	0.7006866712644635	0.2965441846963574	2
0.0033207897258767344	0.49064946538298326	0.50602974489114	3
0.08290753472064503	0.2218697044176621	0.6952227608616928	3
0.0018233528798001213	0.9604036919082398	0.037772955211959974	2
0.9520484779877563	0.03195235075447359	0.01599917125777008	1
0.9428704570771167	0.04057008309215536	0.016559459830727853	1
0.0442618069920754	0.9535732756116706	0.0021649173962540124	2
0.09702369014888176	0.8927478499927746	0.010228459858343666	2
0.977407780628895	0.006889476308787174	0.01570274306231779	1
0.0012685619580045558	0.8038158283644476	0.19491560967754784	2
0.046997646524748846	0.7874487642033474	0.16555358927190375	2
0.8872420548401796	0.05177430687137433	0.06098363828844617	1
0.855827912600106	0.13904583029744133	0.00512625710245253	1
0.1474679418140273	0.8504085516226505	0.002123506563322045	2
0.043256434606342105	0.9564715957470742	0.00027196964658388127	2
0.0017261728231031525	0.9750762460941389	0.023197581082757907	2
0.0043599991888456265	0.19444130920018868	0.8011986916109657	3
0.47436573441970076	0.016647764297968062	0.508986501282331	3
0.9437807068239188	0.048821202995270783	0.007398090180810621	1
0.06988677439128643	0.25568488325464117	0.6744283423540725	3
0.18504233927616623	0.8148353182986011	0.00012234242523271205	2
0.8785367762602521	0.06966859075632556	0.05179463298342236	1
0.0512263704451207	0.9107262862428224	0.03804734331205693	2
0.7304375820280342	0.25985233252910517	0.009710085442860464	1
0.17171075661465426	0.08784827440051471	0.740440968984831	3
0.981785812241388	0.016344825190866337	0.0018693625677456563	1
0.0027930494699903727	0.9859374346326619	0.011269515897347725	2
0.07767668363966397	0.6801625782571883	0.24216073810314778	2
0.08784583390178725	0.7926340334382665	0.11952013265994635	2
0.36328509732021197	0.5832259259216382	0.05348897675814973	2
0.002066876801405391	0.18684135768159874	0.8110917655169959	3
0.07434908873859104	0.9244917763856314	0.0011591348757774827	2
0.022933404364403158	0.1652866951225158	0.811779900513081	3
0.00881730646953658	0.18023997637209155	0.8109427171583719	3
0.29460174057710725	0.10288857117062924	0.6025096882522636	3
0.02476372800351072	0.9103165788510943	0.06491969314539493	2
0.969027486200697	0.029532007690782493	0.0014405061085204908	1
0.024746582410941777	0.9675031589815128	0.0077502586075453095	2
0.061980336807103645	0.917665260807424	0.020354402385472394	2
0.8941169960689853	0.10174692059813027	0.004136083332884543	1
0.814031735748045	0.18453402856586823	0.0014342356860867708	1
0.8908377846305847	0.09314723945993646	0.016014975909478868	1
0.4907750229964922	0.5014071754833825	0.007817801520125255	2
0.0015205362113472106	0.17040807961407492	0.8280713841745778	3
0.010543890126267044	0.3615881361683849	0.627867973705348	3
0.0033142008764152696	0.4200721364271146	0.5766136626964702	3
0.9609372669416417	0.0036487086295703738	0.035414024428787945	1
0.0005692845926521266	0.9924423013150607	0.006988414092287147	2
0.3050800120895754	0.6928223858831756	0.0020976020272490395	2
0.006297594127748715	0.9179946640486131	0.07570774182363822	2
0.037097606849879096	0.9603878308199373	0.0025145623301836197	2
0.0344225025033664	0.023364278532710975	0.9422132189639226	3
0.8608844885473156	0.13085808238871766	0.008257429063966737	1
0.008948075052972617	0.05061674799938155	0.9404351769476458	3
0.9262057688438249	0.07310085329022104	0.0006933778659540746	1
0.005351791876123472	0.9909902438318451	0.0036579642920314083	2
0.002266390387831594	0.9694484940315342	0.028285115580634228	2
0.06911389637111362	0.9209139085849269	0.009972195043959466	2
0.04584006939855901	0.9498403956456405	0.004319534955800465	2
0.1805353591307629	0.8122173691260854	0.007247271743151656	2
0.018041854591538505	0.4428273022759214	0.5391308431325401	3
0.930004813625775	0.010392258648629292	0.05960292772559559	1
0.9710562588515586	0.018114895873831586	0.010828845274610055	1
0.00045628819929727086	0.3034944327900818	0.696049279010621	3
0.003003570843301254	0.9815997008579338	0.015396728298764923	2
0.015668554093681133	0.023435396835346817	0.9608960490709719	3
0.29855861480210355	0.700753453684356	0.0006879315135404175	2
0.9214827714882879	0.026493727489286793	0.05202350102242525	1
0.009426507482060755	0.20286926262053914	0.7877042298974	3
0.9235490007376665	0.02938517813509329	0.04706582112724017	1
0.01002300680532467	0.9890465612726117	0.000930431922063703	2
0.06687634934992703	0.9308105925042072	0.0023130581458657906	2
0.9354561938181207	0.008633215462379253	0.05591059071949994	1
0.6395375863348607	0.35955776013963636	0.0009046535255029232	1
0.5933774567726117	0.021439990486888477	0.3851825527405	1
0.3411937220049883	0.3723667886562328	0.28643948933877894	2
0.957893849718799	0.03905527480169261	0.0030508754795084757	1
0.6340681165188982	0.3657860559838788	0.0001458274972230922	1
0.01946069542517713	0.13242457366434804	0.8481147309104748	3
0.6868310920832323	0.2318713608925954	0.0812975470241722	1
0.47802057625412364	0.5217880938206862	0.00019132992519009772	2
0.008842598415697924	0.10982575658356616	0.8813316450007359	3
0.02301063556784768	0.21090574368412404	0.7660836207480283	3
0.8275345754132265	0.11142500881628671	0.06104041577048677	1
0.15362169995262132	0.8398839152714471	0.006494384775931597	2
0.015609040415260124	0.9576729399307007	0.02671801965403925	2
0.13850531728944673	0.5984828683898737	0.2630118143206796	2
0.007797261299402405	0.20534661030632742	0.7868561283942701	3
0.8641244558153777	0.13529303490343692	0.0005825092811853383	1
0.943569557158306	0.05556942593334247	0.0008610169083514989	1
0.007994869342610946	0.06912534329787227	0.9228797873595167	3
0.9058124413883248	0.08722669167838915	0.006960866933285876	1
0.8586567397763027	0.14119048633217948	0.00015277389151785686	1
0.7861577174072032	0.2072546132314199	0.0065876693613768356	1
0.0021357618774290933	0.4409000369708661	0.5569642011517048	3
0.008961846304091803	0.9872029436630759	0.003835210032832262	2
0.007517407942992905	0.9701041638651688	0.022378428191838204	2
0.008490874768072735	0.30571593245957446	0.6857931927723528	3
0.33709825347235284	0.6602939228269373	0.002607823700709953	2
0.006623526828426955	0.03898612988297676	0.9543903432885962	3
0.9152222839109738	0.08196703386577976	0.0028106822232463664	1
0.12708247088979407	0.045353532867137544	0.8275639962430684	3
0.004794036546609684	0.8184702918978635	0.17673567155552689	2
0.006926222292062062	0.9411300551067642	0.05194372260117375	2
0.9053831878726916	0.061249808912794794	0.033367003214513656	1
0.3828509256159481	0.614584663218443	0.0025644111656089163	2
0.19938172831339115	0.7930838748139682	0.0075343968726406295	2
0.8615521992631229	0.009286386095769431	0.1291614146411077	1
0.9736189043979436	0.021744145015381956	0.004636950586674518	1
0.0030200447462697105	0.646841589893481	0.35013836536024934	2
0.0026967313888469576	0.9665947943793183	0.030708474231834874	2
0.1607650035601852	0.1135476702998561	0.7256873261399588	3
0.01304639980226533	0.15978180191984248	0.8271717982778922	3
0.05950689558343205	0.05333748984718163	0.8871556145693863	3
0.001116356949912476	0.34023606511860144	0.6586475779314861	3
0.0017604897707235007	0.20602111907822193	0.7922183911510546	3
0.02717136551470927	0.054145348328508223	0.9186832861567825	3
0.69311102854912	0.3059780442426125	0.000910927208267508	1
0.03809523059902674	0.951724384797424	0.010180384603549133	2
0.5316911412439753	0.46828871223337387	2.014652265077839e-05	1
0.011387389378722461	0.797455874399189	0.19115673622208848	2
0.045297593088510696	0.061254515808827494	0.8934478911026618	3
0.004002283438565503	0.5192107888621356	0.4767869276992989	2
0.01739143947953861	0.12546552308612877	0.8571430374343326	3
0.04275417691003423	0.21453793823278353	0.7427078848571823	3
0.08370471852788765	0.07110782174688851	0.8451874597252238	3
0.8764603706220228	0.11910003188375191	0.004439597494225421	1
0.002368500656494039	0.7705930224510416	0.2270384768924645	2
0.9498166959671563	0.04930886813688229	0.0008744358959613941	1
0.9573988017944699	0.041574039186549186	0.0010271590189807462	1
0.019221955539924385	0.8845295402464919	0.09624850421358369	2
0.32922316517304	0.0037620291664391763	0.6670148056605208	3
0.00924640315878691	0.9392482892482253	0.05150530759298769	2
0.00453433860962634	0.21794174863886445	0.7775239127515092	3
0.0075933950020538	0.5326317310560619	0.4597748739418843	2
0.018983239217915126	0.1661165683670494	0.8149001924150355	3
0.9609227789654929	0.03897691106159579	0.00010030997291143653	1
0.0003519754177885329	0.8955773553830817	0.10407066919912981	2
0.9401216300267702	0.05052084207859071	0.00935752789463914	1
0.12143291166304679	0.6950045654455564	0.18356252289139666	2
0.7435892645650489	0.25505387192496437	0.0013568635099866961	1
0.007336073056856875	0.9885125611377921	0.004151365805351072	2
0.015397298951825416	0.020735155358320188	0.9638675456898543	3
0.03593186092509944	0.4150847079432141	0.5489834311316865	3
0.17384332731777533	0.021939839713550142	0.8042168329686744	3
0.012978162292375476	0.9868882123866562	0.00013362532096839868	2
0.9564221769223998	0.04158847619965208	0.001989346877948106	1
0.9736836481409122	0.024122153762096896	0.0021941980969907176	1
0.1275807361261602	0.8719553115786888	0.0004639522951509634	2
0.0001195016715338664	0.31462966231489087	0.6852508360135754	3
0.8566413088548692	0.01326661952268469	0.13009207162244604	1
0.09584148349336302	0.03936254323277326	0.8647959732738637	3
0.13284989141895334	0.8654112611815951	0.0017388473994515903	2
0.00418045828758559	0.05489869124874318	0.9409208504636711	3
0.00616487928336565	0.9923019557412138	0.001533164975420571	2
0.9644894729277232	0.015554166751290378	0.019956360320986473	1
0.00336054374192201	0.3187648613823995	0.6778745948756785	3
0.006279890703816229	0.08954649564444449	0.9041736136517392	3
0.20886832056747753	0.7882396044129031	0.0028920750196193192	2
0.016223763118228374	0.6232419480057102	0.36053428887606137	2
0.4852093753137912	0.5147839021527042	6.722533504611364e-06	2
0.8548006017098349	0.08367048868722084	0.06152890960294427	1
0.9692665512696598	0.018874492267855134	0.011858956462485097	1
0.09008889140877133	0.8975772813298927	0.012333827261336012	2
0.08205515572917049	0.016930634867927372	0.9010142094029021	3
0.2923650239972998	0.055436780207106406	0.6521981957955938	3
0.03980330282558728	0.5744804487947777	0.3857162483796351	2
0.08559003208204079	0.5011065207319305	0.4133034471860286	2
0.014358378291852828	0.03227278649178983	0.9533688352163574	3
0.012390058735005139	0.9640716878879507	0.023538253377044096	2
0.9660263619212679	0.029907102871731706	0.0040665352070004095	1
0.0062971019550393135	0.13622926992378528	0.8574736281211754	3
0.7991520892512921	0.1884375029889802	0.012410407759727586	1
0.7919198271759881	0.06379346512024152	0.14428670770377044	1
0.33686144300258397	0.4685659799260849	0.19457257707133122	2
0.27965451899946847	0.2596579257364331	0.46068755526409855	3
0.9173975042653308	0.08230886303151462	0.00029363270315468085	1
0.041487971780022795	0.058146194516703054	0.9003658337032742	3
0.012035514929629254	0.9818825148718743	0.006081970198496419	2
0.00015764893537371162	0.8310637733490079	0.1687785777156184	2
0.012271887638828693	0.9428470912550538	0.044881021106117476	2
